-0.6	-0.6	-4923	-4923
-0.6	-0.59184	-4670.4	-4664.1
-0.6	-0.58334	-4425.1	-4412.7
-0.6	-0.57446	-4187.3	-4168.8
-0.6	-0.56522	-3956.9	-3932.5
-0.6	-0.55556	-3733.7	-3703.6
-0.6	-0.54546	-3517.8	-3482
-0.6	-0.53488	-3309.2	-3267.8
-0.6	-0.5238	-3107.6	-3060.9
-0.6	-0.5122	-2913.2	-2861.2
-0.6	-0.5	-2725.8	-2668.7
-0.6	-0.48718	-2545.4	-2483.2
-0.6	-0.47368	-2371.9	-2304.8
-0.6	-0.45946	-2205.2	-2133.4
-0.6	-0.44444	-2045.4	-1968.9
-0.6	-0.42858	-1892.2	-1811.3
-0.6	-0.41176	-1745.8	-1660.4
-0.6	-0.39394	-1605.9	-1516.3
-0.6	-0.375	-1472.5	-1378.8
-0.6	-0.35484	-1345.6	-1247.9
-0.6	-0.33334	-1225.1	-1123.5
-0.6	-0.31034	-1110.8	-1005.5
-0.6	-0.28572	-1002.8	-893.87
-0.6	-0.25926	-900.89	-788.47
-0.6	-0.23076	-805.03	-689.24
-0.6	-0.2	-715.12	-596.09
-0.6	-0.166666	-631.07	-508.93
-0.6	-0.130434	-552.77	-427.65
-0.6	-0.09091	-480.14	-352.17
-0.6	-0.04762	-413.07	-282.36
-0.6	0	-351.44	-218.13
-0.6	0.052632	-295.13	-159.34
-0.6	0.111112	-244.03	-105.9
-0.6	0.17647	-198.01	-57.652
-0.6	0.25	-156.93	-14.474
-0.6	0.33334	-120.64	23.78
-0.6	0.42858	-88.994	57.266
-0.6	0.53846	-61.827	86.146
-0.6	0.66666	-38.962	110.6
-0.6	0.81818	-20.207	130.81
-0.6	1	-5.356	147
-0.59184	-0.6	-4788.7	-4795.1
-0.59184	-0.59184	-4542.5	-4542.5
-0.59184	-0.58334	-4303.6	-4297.3
-0.59184	-0.57446	-4071.9	-4059.4
-0.59184	-0.56522	-3847.4	-3828.9
-0.59184	-0.55556	-3630	-3605.6
-0.59184	-0.54546	-3419.7	-3389.6
-0.59184	-0.53488	-3216.4	-3180.7
-0.59184	-0.5238	-3020.2	-2978.9
-0.59184	-0.5122	-2830.8	-2784.2
-0.59184	-0.5	-2648.3	-2596.4
-0.59184	-0.48718	-2472.6	-2415.6
-0.59184	-0.47368	-2303.7	-2241.7
-0.59184	-0.45946	-2141.5	-2074.6
-0.59184	-0.44444	-1985.9	-1914.3
-0.59184	-0.42858	-1836.8	-1760.6
-0.59184	-0.41176	-1694.3	-1613.6
-0.59184	-0.39394	-1558.1	-1473.2
-0.59184	-0.375	-1428.4	-1339.2
-0.59184	-0.35484	-1304.9	-1211.6
-0.59184	-0.33334	-1187.7	-1090.4
-0.59184	-0.31034	-1076.5	-975.5
-0.59184	-0.28572	-971.49	-866.75
-0.59184	-0.25926	-872.41	-764.11
-0.59184	-0.23076	-779.23	-667.49
-0.59184	-0.2	-691.85	-576.8
-0.59184	-0.166666	-610.18	-491.96
-0.59184	-0.130434	-534.13	-412.87
-0.59184	-0.09091	-463.6	-339.42
-0.59184	-0.04762	-398.48	-271.52
-0.59184	0	-338.67	-209.05
-0.59184	0.052632	-284.05	-151.9
-0.59184	0.111112	-234.5	-99.961
-0.59184	0.17647	-189.9	-53.093
-0.59184	0.25	-150.11	-11.168
-0.59184	0.33334	-115	25.956
-0.59184	0.42858	-84.402	58.43
-0.59184	0.53846	-58.166	86.415
-0.59184	0.66666	-36.117	110.08
-0.59184	0.81818	-18.067	129.62
-0.59184	1	-3.8141	145.24
-0.58334	-0.6	-4654.9	-4667.8
-0.58334	-0.59184	-4415.1	-4421.5
-0.58334	-0.58334	-4182.4	-4182.4
-0.58334	-0.57446	-3956.8	-3950.6
-0.58334	-0.56522	-3738.3	-3725.8
-0.58334	-0.55556	-3526.6	-3508.2
-0.58334	-0.54546	-3321.9	-3297.6
-0.58334	-0.53488	-3124.1	-3094
-0.58334	-0.5238	-2933	-2897.3
-0.58334	-0.5122	-2748.7	-2707.5
-0.58334	-0.5	-2571.1	-2524.6
-0.58334	-0.48718	-2400.2	-2348.4
-0.58334	-0.47368	-2235.8	-2179
-0.58334	-0.45946	-2078	-2016.2
-0.58334	-0.44444	-1926.6	-1859.9
-0.58334	-0.42858	-1781.6	-1710.3
-0.58334	-0.41176	-1643	-1567.1
-0.58334	-0.39394	-1510.6	-1430.3
-0.58334	-0.375	-1384.4	-1299.8
-0.58334	-0.35484	-1264.4	-1175.6
-0.58334	-0.33334	-1150.4	-1057.6
-0.58334	-0.31034	-1042.4	-945.68
-0.58334	-0.28572	-940.34	-839.83
-0.58334	-0.25926	-844.08	-739.93
-0.58334	-0.23076	-753.56	-645.9
-0.58334	-0.2	-668.7	-557.67
-0.58334	-0.166666	-589.4	-475.14
-0.58334	-0.130434	-515.58	-398.21
-0.58334	-0.09091	-447.14	-326.79
-0.58334	-0.04762	-383.97	-260.78
-0.58334	0	-325.98	-200.07
-0.58334	0.052632	-273.03	-144.55
-0.58334	0.111112	-225.03	-94.104
-0.58334	0.17647	-181.85	-48.605
-0.58334	0.25	-143.35	-7.9246
-0.58334	0.33334	-109.4	28.077
-0.58334	0.42858	-79.847	59.546
-0.58334	0.53846	-54.537	86.642
-0.58334	0.66666	-33.299	109.53
-0.58334	0.81818	-15.95	128.4
-0.58334	1	-2.291	143.45
-0.57446	-0.6	-4521.5	-4541.1
-0.57446	-0.59184	-4288.1	-4301.1
-0.57446	-0.58334	-4061.8	-4068.2
-0.57446	-0.57446	-3842.2	-3842.2
-0.57446	-0.56522	-3629.6	-3623.3
-0.57446	-0.55556	-3423.7	-3411.3
-0.57446	-0.54546	-3224.5	-3206.1
-0.57446	-0.53488	-3032.1	-3007.8
-0.57446	-0.5238	-2846.2	-2816.2
-0.57446	-0.5122	-2667	-2631.3
-0.57446	-0.5	-2494.3	-2453.2
-0.57446	-0.48718	-2328	-2281.6
-0.57446	-0.47368	-2168.2	-2116.6
-0.57446	-0.45946	-2014.8	-1958
-0.57446	-0.44444	-1867.6	-1805.9
-0.57446	-0.42858	-1726.7	-1660.2
-0.57446	-0.41176	-1591.9	-1520.8
-0.57446	-0.39394	-1463.3	-1387.6
-0.57446	-0.375	-1340.7	-1260.7
-0.57446	-0.35484	-1224.1	-1139.8
-0.57446	-0.33334	-1113.3	-1024.9
-0.57446	-0.31034	-1008.5	-916.08
-0.57446	-0.28572	-909.33	-813.1
-0.57446	-0.25926	-815.87	-715.93
-0.57446	-0.23076	-728.01	-624.49
-0.57446	-0.2	-645.66	-538.69
-0.57446	-0.166666	-568.74	-458.45
-0.57446	-0.130434	-497.14	-383.68
-0.57446	-0.09091	-430.78	-314.28
-0.57446	-0.04762	-369.55	-250.15
-0.57446	0	-313.36	-191.19
-0.57446	0.052632	-262.09	-137.29
-0.57446	0.111112	-215.63	-88.328
-0.57446	0.17647	-173.85	-44.189
-0.57446	0.25	-136.64	-4.7444
-0.57446	0.33334	-103.84	30.142
-0.57446	0.42858	-75.329	60.614
-0.57446	0.53846	-50.939	86.827
-0.57446	0.66666	-30.508	108.95
-0.57446	0.81818	-13.856	127.15
-0.57446	1	-0.78707	141.64
-0.56522	-0.6	-4388.6	-4415.1
-0.56522	-0.59184	-4161.7	-4181.3
-0.56522	-0.58334	-3941.5	-3954.5
-0.56522	-0.57446	-3728.1	-3734.5
-0.56522	-0.56522	-3521.3	-3521.3
-0.56522	-0.55556	-3321.1	-3314.8
-0.56522	-0.54546	-3127.5	-3115.1
-0.56522	-0.53488	-2940.4	-2922
-0.56522	-0.5238	-2759.8	-2735.5
-0.56522	-0.5122	-2585.6	-2555.6
-0.56522	-0.5	-2417.7	-2382.1
-0.56522	-0.48718	-2256.2	-2215.1
-0.56522	-0.47368	-2100.9	-2054.5
-0.56522	-0.45946	-1951.8	-1900.2
-0.56522	-0.44444	-1808.8	-1752.2
-0.56522	-0.42858	-1671.9	-1610.5
-0.56522	-0.41176	-1541.1	-1474.8
-0.56522	-0.39394	-1416.2	-1345.3
-0.56522	-0.375	-1297.1	-1221.8
-0.56522	-0.35484	-1183.9	-1104.2
-0.56522	-0.33334	-1076.4	-992.54
-0.56522	-0.31034	-974.66	-886.68
-0.56522	-0.28572	-878.47	-786.56
-0.56522	-0.25926	-787.81	-692.11
-0.56522	-0.23076	-702.6	-603.24
-0.56522	-0.2	-622.75	-519.87
-0.56522	-0.166666	-548.18	-441.92
-0.56522	-0.130434	-478.8	-369.29
-0.56522	-0.09091	-414.51	-301.9
-0.56522	-0.04762	-355.22	-239.64
-0.56522	0	-300.82	-182.41
-0.56522	0.052632	-251.21	-130.12
-0.56522	0.111112	-206.28	-82.633
-0.56522	0.17647	-165.91	-39.846
-0.56522	0.25	-129.97	-1.629
-0.56522	0.33334	-98.331	32.15
-0.56522	0.42858	-70.849	61.633
-0.56522	0.53846	-47.375	86.97
-0.56522	0.66666	-27.745	108.32
-0.56522	0.81818	-11.784	125.87
-0.56522	1	0.69768	139.8
-0.55556	-0.6	-4256.2	-4289.7
-0.55556	-0.59184	-4035.6	-4062.2
-0.55556	-0.58334	-3821.7	-3841.4
-0.55556	-0.57446	-3614.3	-3627.3
-0.55556	-0.56522	-3413.4	-3419.8
-0.55556	-0.55556	-3218.9	-3218.9
-0.55556	-0.54546	-3030.8	-3024.6
-0.55556	-0.53488	-2849.1	-2836.7
-0.55556	-0.5238	-2673.7	-2655.3
-0.55556	-0.5122	-2504.5	-2480.2
-0.55556	-0.5	-2341.5	-2311.5
-0.55556	-0.48718	-2184.6	-2149.1
-0.55556	-0.47368	-2033.8	-1992.9
-0.55556	-0.45946	-1889.1	-1842.8
-0.55556	-0.44444	-1750.3	-1698.9
-0.55556	-0.42858	-1617.5	-1561
-0.55556	-0.41176	-1490.5	-1429.2
-0.55556	-0.39394	-1369.2	-1303.2
-0.55556	-0.375	-1253.8	-1183.2
-0.55556	-0.35484	-1143.9	-1068.9
-0.55556	-0.33334	-1039.7	-960.37
-0.55556	-0.31034	-941.02	-857.51
-0.55556	-0.28572	-847.77	-760.23
-0.55556	-0.25926	-759.89	-668.48
-0.55556	-0.23076	-677.32	-582.17
-0.55556	-0.2	-599.96	-501.21
-0.55556	-0.166666	-527.73	-425.53
-0.55556	-0.130434	-460.55	-355.04
-0.55556	-0.09091	-398.33	-289.64
-0.55556	-0.04762	-340.96	-229.24
-0.55556	0	-288.36	-173.74
-0.55556	0.052632	-240.41	-123.04
-0.55556	0.111112	-197	-77.023
-0.55556	0.17647	-158.02	-35.577
-0.55556	0.25	-123.35	1.4201
-0.55556	0.33334	-92.862	34.1
-0.55556	0.42858	-66.407	62.6
-0.55556	0.53846	-43.843	87.069
-0.55556	0.66666	-25.01	107.67
-0.55556	0.81818	-9.7368	124.56
-0.55556	1	2.1631	137.94
-0.54546	-0.6	-4124.2	-4164.9
-0.54546	-0.59184	-3910.1	-3943.6
-0.54546	-0.58334	-3702.4	-3728.9
-0.54546	-0.57446	-3501	-3520.7
-0.54546	-0.56522	-3305.9	-3318.9
-0.54546	-0.55556	-3117.1	-3123.6
-0.54546	-0.54546	-2934.6	-2934.6
-0.54546	-0.53488	-2758.2	-2751.9
-0.54546	-0.5238	-2587.9	-2575.5
-0.54546	-0.5122	-2423.7	-2405.3
-0.54546	-0.5	-2265.5	-2241.3
-0.54546	-0.48718	-2113.3	-2083.4
-0.54546	-0.47368	-1967.1	-1931.6
-0.54546	-0.45946	-1826.7	-1785.8
-0.54546	-0.44444	-1692.1	-1645.9
-0.54546	-0.42858	-1563.2	-1511.9
-0.54546	-0.41176	-1440.1	-1383.8
-0.54546	-0.39394	-1322.6	-1261.5
-0.54546	-0.375	-1210.6	-1144.8
-0.54546	-0.35484	-1104.2	-1033.8
-0.54546	-0.33334	-1003.2	-928.43
-0.54546	-0.31034	-907.54	-828.55
-0.54546	-0.28572	-817.22	-734.11
-0.54546	-0.25926	-732.12	-645.05
-0.54546	-0.23076	-652.17	-561.27
-0.54546	-0.2	-577.29	-482.72
-0.54546	-0.166666	-507.4	-409.29
-0.54546	-0.130434	-442.42	-340.92
-0.54546	-0.09091	-382.25	-277.5
-0.54546	-0.04762	-326.8	-218.95
-0.54546	0	-275.97	-165.17
-0.54546	0.052632	-229.67	-116.06
-0.54546	0.111112	-187.78	-71.498
-0.54546	0.17647	-150.2	-31.385
-0.54546	0.25	-116.79	4.4015
-0.54546	0.33334	-87.437	35.99
-0.54546	0.42858	-62.003	63.516
-0.54546	0.53846	-40.343	87.123
-0.54546	0.66666	-22.303	106.97
-0.54546	0.81818	-7.7127	123.22
-0.54546	1	3.609	136.05
-0.53488	-0.6	-3992.8	-4040.8
-0.53488	-0.59184	-3785	-3825.8
-0.53488	-0.58334	-3583.5	-3617.1
-0.53488	-0.57446	-3388.1	-3414.7
-0.53488	-0.56522	-3198.9	-3218.6
-0.53488	-0.55556	-3015.8	-3028.7
-0.53488	-0.54546	-2838.7	-2845.1
-0.53488	-0.53488	-2667.6	-2667.6
-0.53488	-0.5238	-2502.5	-2496.2
-0.53488	-0.5122	-2343.3	-2330.9
-0.53488	-0.5	-2189.9	-2171.5
-0.53488	-0.48718	-2042.4	-2018.2
-0.53488	-0.47368	-1900.6	-1870.7
-0.53488	-0.45946	-1764.5	-1729.1
-0.53488	-0.44444	-1634.1	-1593.2
-0.53488	-0.42858	-1509.2	-1463.2
-0.53488	-0.41176	-1389.9	-1338.7
-0.53488	-0.39394	-1276.1	-1220
-0.53488	-0.375	-1167.6	-1106.7
-0.53488	-0.35484	-1064.6	-999.03
-0.53488	-0.33334	-966.79	-896.74
-0.53488	-0.31034	-874.23	-799.83
-0.53488	-0.28572	-786.82	-708.2
-0.53488	-0.25926	-704.48	-621.81
-0.53488	-0.23076	-627.15	-540.56
-0.53488	-0.2	-554.74	-464.39
-0.53488	-0.166666	-487.18	-393.21
-0.53488	-0.130434	-424.38	-326.95
-0.53488	-0.09091	-366.26	-265.5
-0.53488	-0.04762	-312.72	-208.79
-0.53488	0	-263.67	-156.71
-0.53488	0.052632	-219.01	-109.17
-0.53488	0.111112	-178.63	-66.06
-0.53488	0.17647	-142.42	-27.272
-0.53488	0.25	-110.27	7.3137
-0.53488	0.33334	-82.056	37.82
-0.53488	0.42858	-57.638	64.378
-0.53488	0.53846	-36.877	87.131
-0.53488	0.66666	-19.624	106.23
-0.53488	0.81818	-5.7123	121.84
-0.53488	1	5.0353	134.14
-0.5238	-0.6	-3861.8	-3917.5
-0.5238	-0.59184	-3660.4	-3708.5
-0.5238	-0.58334	-3465	-3505.8
-0.5238	-0.57446	-3275.7	-3309.3
-0.5238	-0.56522	-3092.2	-3118.9
-0.5238	-0.55556	-2914.8	-2934.5
-0.5238	-0.54546	-2743.2	-2756.2
-0.5238	-0.53488	-2577.4	-2583.8
-0.5238	-0.5238	-2417.4	-2417.4
-0.5238	-0.5122	-2263.2	-2256.9
-0.5238	-0.5	-2114.6	-2102.2
-0.5238	-0.48718	-1971.7	-1953.3
-0.5238	-0.47368	-1834.4	-1810.2
-0.5238	-0.45946	-1702.6	-1672.7
-0.5238	-0.44444	-1576.3	-1540.9
-0.5238	-0.42858	-1455.4	-1414.7
-0.5238	-0.41176	-1340	-1294
-0.5238	-0.39394	-1229.8	-1178.8
-0.5238	-0.375	-1124.9	-1069
-0.5238	-0.35484	-1025.2	-964.49
-0.5238	-0.33334	-930.6	-865.3
-0.5238	-0.31034	-841.09	-771.33
-0.5238	-0.28572	-756.57	-682.51
-0.5238	-0.25926	-676.99	-598.77
-0.5238	-0.23076	-602.26	-520.04
-0.5238	-0.2	-532.32	-446.24
-0.5238	-0.166666	-467.07	-377.29
-0.5238	-0.130434	-406.45	-313.12
-0.5238	-0.09091	-350.37	-253.63
-0.5238	-0.04762	-298.73	-198.74
-0.5238	0	-251.44	-148.36
-0.5238	0.052632	-208.41	-102.38
-0.5238	0.111112	-169.54	-60.713
-0.5238	0.17647	-134.71	-23.238
-0.5238	0.25	-103.81	10.155
-0.5238	0.33334	-76.719	39.587
-0.5238	0.42858	-53.311	65.187
-0.5238	0.53846	-33.445	87.093
-0.5238	0.66666	-16.973	105.45
-0.5238	0.81818	-3.7357	120.43
-0.5238	1	6.442	132.19
-0.5122	-0.6	-3731.4	-3794.8
-0.5122	-0.59184	-3536.3	-3592
-0.5122	-0.58334	-3347	-3395.3
-0.5122	-0.57446	-3163.6	-3204.5
-0.5122	-0.56522	-2986	-3019.7
-0.5122	-0.55556	-2814.2	-2840.8
-0.5122	-0.54546	-2648	-2667.8
-0.5122	-0.53488	-2487.5	-2500.5
-0.5122	-0.5238	-2332.7	-2339.1
-0.5122	-0.5122	-2183.4	-2183.4
-0.5122	-0.5	-2039.6	-2033.3
-0.5122	-0.48718	-1901.3	-1888.9
-0.5122	-0.47368	-1768.5	-1750.1
-0.5122	-0.45946	-1641	-1616.8
-0.5122	-0.44444	-1518.8	-1489
-0.5122	-0.42858	-1401.9	-1366.6
-0.5122	-0.41176	-1290.3	-1249.6
-0.5122	-0.39394	-1183.7	-1137.9
-0.5122	-0.375	-1082.3	-1031.5
-0.5122	-0.35484	-985.97	-930.23
-0.5122	-0.33334	-894.58	-834.12
-0.5122	-0.31034	-808.11	-743.08
-0.5122	-0.28572	-726.48	-657.04
-0.5122	-0.25926	-649.64	-575.94
-0.5122	-0.23076	-577.51	-499.71
-0.5122	-0.2	-510.02	-428.27
-0.5122	-0.166666	-447.08	-361.54
-0.5122	-0.130434	-388.63	-299.44
-0.5122	-0.09091	-334.57	-241.9
-0.5122	-0.04762	-284.82	-188.83
-0.5122	0	-239.29	-140.12
-0.5122	0.052632	-197.89	-95.702
-0.5122	0.111112	-160.51	-55.457
-0.5122	0.17647	-127.05	-19.286
-0.5122	0.25	-97.394	12.924
-0.5122	0.33334	-71.427	41.29
-0.5122	0.42858	-49.022	65.94
-0.5122	0.53846	-30.045	87.007
-0.5122	0.66666	-14.351	104.64
-0.5122	0.81818	-1.7831	118.99
-0.5122	1	7.8288	130.22
-0.5	-0.6	-3601.4	-3672.8
-0.5	-0.59184	-3412.6	-3476.2
-0.5	-0.58334	-3229.5	-3285.4
-0.5	-0.57446	-3052.1	-3100.4
-0.5	-0.56522	-2880.2	-2921.2
-0.5	-0.55556	-2714	-2747.7
-0.5	-0.54546	-2553.3	-2579.9
-0.5	-0.53488	-2398.1	-2417.8
-0.5	-0.5238	-2248.3	-2261.3
-0.5	-0.5122	-2103.9	-2110.4
-0.5	-0.5	-1964.9	-1964.9
-0.5	-0.48718	-1831.3	-1825
-0.5	-0.47368	-1702.8	-1690.5
-0.5	-0.45946	-1579.6	-1561.3
-0.5	-0.44444	-1461.6	-1437.5
-0.5	-0.42858	-1348.6	-1318.9
-0.5	-0.41176	-1240.8	-1205.5
-0.5	-0.39394	-1137.9	-1097.4
-0.5	-0.375	-1040	-994.28
-0.5	-0.35484	-946.95	-896.24
-0.5	-0.33334	-858.74	-803.19
-0.5	-0.31034	-775.29	-715.07
-0.5	-0.28572	-696.55	-631.8
-0.5	-0.25926	-622.44	-553.33
-0.5	-0.23076	-552.89	-479.57
-0.5	-0.2	-487.84	-410.47
-0.5	-0.166666	-427.2	-345.95
-0.5	-0.130434	-370.91	-285.92
-0.5	-0.09091	-318.87	-230.31
-0.5	-0.04762	-271	-179.04
-0.5	0	-227.23	-132
-0.5	0.052632	-187.44	-89.123
-0.5	0.111112	-151.55	-50.296
-0.5	0.17647	-119.45	-15.418
-0.5	0.25	-91.03	15.618
-0.5	0.33334	-66.179	42.928
-0.5	0.42858	-44.773	66.636
-0.5	0.53846	-26.68	86.872
-0.5	0.66666	-11.758	103.78
-0.5	0.81818	0.14557	117.51
-0.5	1	9.1958	128.22
-0.48718	-0.6	-3472	-3551.6
-0.48718	-0.59184	-3289.4	-3361.1
-0.48718	-0.58334	-3112.4	-3176.2
-0.48718	-0.57446	-2940.9	-2996.9
-0.48718	-0.56522	-2774.9	-2823.3
-0.48718	-0.55556	-2614.2	-2655.2
-0.48718	-0.54546	-2458.9	-2492.7
-0.48718	-0.53488	-2309	-2335.6
-0.48718	-0.5238	-2164.3	-2184
-0.48718	-0.5122	-2024.8	-2037.9
-0.48718	-0.5	-1890.6	-1897
-0.48718	-0.48718	-1761.5	-1761.5
-0.48718	-0.47368	-1637.5	-1631.2
-0.48718	-0.45946	-1518.5	-1506.2
-0.48718	-0.44444	-1404.6	-1386.3
-0.48718	-0.42858	-1295.6	-1271.5
-0.48718	-0.41176	-1191.5	-1161.8
-0.48718	-0.39394	-1092.3	-1057.1
-0.48718	-0.375	-997.83	-957.38
-0.48718	-0.35484	-908.12	-862.54
-0.48718	-0.33334	-823.08	-772.53
-0.48718	-0.31034	-742.65	-687.31
-0.48718	-0.28572	-666.77	-606.79
-0.48718	-0.25926	-595.38	-530.92
-0.48718	-0.23076	-528.41	-459.64
-0.48718	-0.2	-465.79	-392.87
-0.48718	-0.166666	-407.44	-330.53
-0.48718	-0.130434	-353.29	-272.56
-0.48718	-0.09091	-303.26	-218.87
-0.48718	-0.04762	-257.27	-169.38
-0.48718	0	-215.24	-124
-0.48718	0.052632	-177.06	-82.653
-0.48718	0.111112	-142.65	-45.23
-0.48718	0.17647	-111.9	-11.636
-0.48718	0.25	-84.716	18.236
-0.48718	0.33334	-60.976	44.499
-0.48718	0.42858	-40.563	67.273
-0.48718	0.53846	-23.347	86.686
-0.48718	0.66666	-9.1927	102.88
-0.48718	0.81818	2.0502	115.99
-0.48718	1	10.543	126.19
-0.47368	-0.6	-3343	-3431.2
-0.47368	-0.59184	-3166.7	-3246.7
-0.47368	-0.58334	-2995.8	-3067.6
-0.47368	-0.57446	-2830.2	-2894.1
-0.47368	-0.56522	-2669.9	-2726
-0.47368	-0.55556	-2514.8	-2563.3
-0.47368	-0.54546	-2364.9	-2406
-0.47368	-0.53488	-2220.2	-2254
-0.47368	-0.5238	-2080.6	-2107.3
-0.47368	-0.5122	-1946.1	-1965.8
-0.47368	-0.5	-1816.5	-1829.6
-0.47368	-0.48718	-1692	-1698.4
-0.47368	-0.47368	-1572.4	-1572.4
-0.47368	-0.45946	-1457.7	-1451.5
-0.47368	-0.44444	-1347.9	-1335.5
-0.47368	-0.42858	-1242.8	-1224.5
-0.47368	-0.41176	-1142.5	-1118.4
-0.47368	-0.39394	-1046.9	-1017.2
-0.47368	-0.375	-955.89	-920.8
-0.47368	-0.35484	-869.48	-829.13
-0.47368	-0.33334	-787.59	-742.15
-0.47368	-0.31034	-710.17	-659.8
-0.47368	-0.28572	-637.15	-582.02
-0.47368	-0.25926	-568.47	-508.75
-0.47368	-0.23076	-504.06	-439.91
-0.47368	-0.2	-443.86	-375.45
-0.47368	-0.166666	-387.79	-315.29
-0.47368	-0.130434	-335.78	-259.35
-0.47368	-0.09091	-287.75	-207.57
-0.47368	-0.04762	-243.63	-159.85
-0.47368	0	-203.33	-116.12
-0.47368	0.052632	-166.75	-76.292
-0.47368	0.111112	-133.81	-40.264
-0.47368	0.17647	-104.42	-7.9423
-0.47368	0.25	-78.454	20.776
-0.47368	0.33334	-55.818	46.002
-0.47368	0.42858	-36.391	67.851
-0.47368	0.53846	-20.049	86.449
-0.47368	0.66666	-6.6562	101.93
-0.47368	0.81818	3.9309	114.44
-0.47368	1	11.87	124.13
-0.45946	-0.6	-3214.5	-3311.5
-0.45946	-0.59184	-3044.5	-3133
-0.45946	-0.58334	-2879.7	-2959.9
-0.45946	-0.57446	-2720	-2792
-0.45946	-0.56522	-2565.4	-2629.4
-0.45946	-0.55556	-2415.8	-2472.1
-0.45946	-0.54546	-2271.3	-2320
-0.45946	-0.53488	-2131.8	-2173
-0.45946	-0.5238	-1997.3	-2031.1
-0.45946	-0.5122	-1867.6	-1894.4
-0.45946	-0.5	-1742.8	-1762.6
-0.45946	-0.48718	-1622.8	-1635.9
-0.45946	-0.47368	-1507.7	-1514.1
-0.45946	-0.45946	-1397.2	-1397.2
-0.45946	-0.44444	-1291.4	-1285.2
-0.45946	-0.42858	-1190.3	-1177.9
-0.45946	-0.41176	-1093.7	-1075.4
-0.45946	-0.39394	-1001.7	-977.67
-0.45946	-0.375	-914.14	-884.55
-0.45946	-0.35484	-831.03	-796.03
-0.45946	-0.33334	-752.28	-712.05
-0.45946	-0.31034	-677.86	-632.56
-0.45946	-0.28572	-607.68	-557.5
-0.45946	-0.25926	-541.7	-486.8
-0.45946	-0.23076	-479.84	-420.4
-0.45946	-0.2	-422.05	-358.23
-0.45946	-0.166666	-368.25	-300.23
-0.45946	-0.130434	-318.37	-246.32
-0.45946	-0.09091	-272.34	-196.42
-0.45946	-0.04762	-230.08	-150.47
-0.45946	0	-191.5	-108.37
-0.45946	0.052632	-156.52	-70.045
-0.45946	0.111112	-125.04	-35.399
-0.45946	0.17647	-96.987	-4.3391
-0.45946	0.25	-72.242	23.236
-0.45946	0.33334	-50.704	47.434
-0.45946	0.42858	-32.258	68.367
-0.45946	0.53846	-16.783	86.159
-0.45946	0.66666	-4.1482	100.94
-0.45946	0.81818	5.7877	112.85
-0.45946	1	13.178	122.04
-0.44444	-0.6	-3086.5	-3192.7
-0.44444	-0.59184	-2922.7	-3020.2
-0.44444	-0.58334	-2763.9	-2852.8
-0.44444	-0.57446	-2610.1	-2690.6
-0.44444	-0.56522	-2461.2	-2533.5
-0.44444	-0.55556	-2317.2	-2381.5
-0.44444	-0.54546	-2178.1	-2234.5
-0.44444	-0.53488	-2043.8	-2092.6
-0.44444	-0.5238	-1914.3	-1955.5
-0.44444	-0.5122	-1789.5	-1823.4
-0.44444	-0.5	-1669.4	-1696.2
-0.44444	-0.48718	-1554	-1573.8
-0.44444	-0.47368	-1443.2	-1456.2
-0.44444	-0.45946	-1336.9	-1343.4
-0.44444	-0.44444	-1235.2	-1235.2
-0.44444	-0.42858	-1138	-1131.7
-0.44444	-0.41176	-1045.1	-1032.8
-0.44444	-0.39394	-956.71	-938.46
-0.44444	-0.375	-872.6	-848.62
-0.44444	-0.35484	-792.77	-763.23
-0.44444	-0.33334	-717.16	-682.24
-0.44444	-0.31034	-645.71	-605.59
-0.44444	-0.28572	-578.37	-533.23
-0.44444	-0.25926	-515.07	-465.08
-0.44444	-0.23076	-455.76	-401.1
-0.44444	-0.2	-400.37	-341.21
-0.44444	-0.166666	-348.83	-285.35
-0.44444	-0.130434	-301.07	-233.45
-0.44444	-0.09091	-257.02	-185.43
-0.44444	-0.04762	-216.61	-141.22
-0.44444	0	-179.74	-100.75
-0.44444	0.052632	-146.35	-63.913
-0.44444	0.111112	-116.34	-30.639
-0.44444	0.17647	-89.614	-0.82888
-0.44444	0.25	-66.081	25.614
-0.44444	0.33334	-45.634	48.793
-0.44444	0.42858	-28.164	68.821
-0.44444	0.53846	-13.551	85.814
-0.44444	0.66666	-1.6685	99.901
-0.44444	0.81818	7.6207	111.22
-0.44444	1	14.466	119.91
-0.42858	-0.6	-2959	-3074.7
-0.42858	-0.59184	-2801.4	-2908.1
-0.42858	-0.58334	-2648.7	-2746.5
-0.42858	-0.57446	-2500.7	-2590
-0.42858	-0.56522	-2357.5	-2438.3
-0.42858	-0.55556	-2219.1	-2291.6
-0.42858	-0.54546	-2085.3	-2149.8
-0.42858	-0.53488	-1956.1	-2012.7
-0.42858	-0.5238	-1831.6	-1880.5
-0.42858	-0.5122	-1711.7	-1753.1
-0.42858	-0.5	-1596.3	-1630.3
-0.42858	-0.48718	-1485.4	-1512.3
-0.42858	-0.47368	-1379	-1398.8
-0.42858	-0.45946	-1276.9	-1290
-0.42858	-0.44444	-1179.2	-1185.7
-0.42858	-0.42858	-1085.9	-1085.9
-0.42858	-0.41176	-996.8	-990.54
-0.42858	-0.39394	-911.94	-899.61
-0.42858	-0.375	-831.26	-813.03
-0.42858	-0.35484	-754.69	-730.75
-0.42858	-0.33334	-682.2	-652.73
-0.42858	-0.31034	-613.72	-578.9
-0.42858	-0.28572	-549.21	-509.21
-0.42858	-0.25926	-488.59	-443.61
-0.42858	-0.23076	-431.81	-382.02
-0.42858	-0.2	-378.81	-324.4
-0.42858	-0.166666	-329.52	-270.66
-0.42858	-0.130434	-283.87	-220.75
-0.42858	-0.09091	-241.8	-174.6
-0.42858	-0.04762	-203.22	-132.13
-0.42858	0	-168.07	-93.253
-0.42858	0.052632	-136.25	-57.901
-0.42858	0.111112	-107.69	-25.985
-0.42858	0.17647	-82.297	2.5858
-0.42858	0.25	-59.969	27.907
-0.42858	0.33334	-40.608	50.079
-0.42858	0.42858	-24.107	69.209
-0.42858	0.53846	-10.351	85.414
-0.42858	0.66666	0.78321	98.816
-0.42858	0.81818	9.4302	109.55
-0.42858	1	15.735	117.76
-0.41176	-0.6	-2832	-2957.5
-0.41176	-0.59184	-2680.6	-2796.8
-0.41176	-0.58334	-2533.9	-2641
-0.41176	-0.57446	-2391.7	-2490
-0.41176	-0.56522	-2254.2	-2343.8
-0.41176	-0.55556	-2121.2	-2202.4
-0.41176	-0.54546	-1992.8	-2065.6
-0.41176	-0.53488	-1868.8	-1933.5
-0.41176	-0.5238	-1749.3	-1806.1
-0.41176	-0.5122	-1634.2	-1683.3
-0.41176	-0.5	-1523.5	-1565
-0.41176	-0.48718	-1417.1	-1451.2
-0.41176	-0.47368	-1315	-1341.9
-0.41176	-0.45946	-1217.2	-1237.1
-0.41176	-0.44444	-1123.5	-1136.6
-0.41176	-0.42858	-1034	-1040.5
-0.41176	-0.41176	-948.68	-948.68
-0.41176	-0.39394	-867.38	-861.13
-0.41176	-0.375	-790.11	-777.79
-0.41176	-0.35484	-716.8	-698.6
-0.41176	-0.33334	-647.42	-623.52
-0.41176	-0.31034	-581.9	-552.49
-0.41176	-0.28572	-520.19	-485.47
-0.41176	-0.25926	-462.24	-422.38
-0.41176	-0.23076	-407.99	-363.18
-0.41176	-0.2	-357.37	-307.8
-0.41176	-0.166666	-310.32	-256.17
-0.41176	-0.130434	-266.77	-208.24
-0.41176	-0.09091	-226.67	-163.93
-0.41176	-0.04762	-189.92	-123.18
-0.41176	0	-156.47	-85.896
-0.41176	0.052632	-126.23	-52.012
-0.41176	0.111112	-99.112	-21.442
-0.41176	0.17647	-75.036	5.9022
-0.41176	0.25	-53.906	30.112
-0.41176	0.33334	-35.625	51.287
-0.41176	0.42858	-20.089	69.531
-0.41176	0.53846	-7.1845	84.956
-0.41176	0.66666	3.2073	97.682
-0.41176	0.81818	11.216	107.84
-0.41176	1	16.984	115.57
-0.39394	-0.6	-2705.5	-2841.2
-0.39394	-0.59184	-2560.2	-2686.4
-0.39394	-0.58334	-2419.5	-2536.3
-0.39394	-0.57446	-2283.2	-2390.9
-0.39394	-0.56522	-2151.3	-2250.1
-0.39394	-0.55556	-2023.8	-2113.9
-0.39394	-0.54546	-1900.7	-1982.2
-0.39394	-0.53488	-1781.9	-1855
-0.39394	-0.5238	-1667.4	-1732.3
-0.39394	-0.5122	-1557.1	-1614
-0.39394	-0.5	-1451	-1500.2
-0.39394	-0.48718	-1349.1	-1390.7
-0.39394	-0.47368	-1251.4	-1285.5
-0.39394	-0.45946	-1157.7	-1184.6
-0.39394	-0.44444	-1068.1	-1088
-0.39394	-0.42858	-982.44	-995.52
-0.39394	-0.41176	-900.78	-907.22
-0.39394	-0.39394	-823.03	-823.03
-0.39394	-0.375	-749.15	-742.9
-0.39394	-0.35484	-679.1	-666.78
-0.39394	-0.33334	-612.81	-594.63
-0.39394	-0.31034	-550.24	-526.38
-0.39394	-0.28572	-491.33	-461.99
-0.39394	-0.25926	-436.04	-401.41
-0.39394	-0.23076	-384.29	-344.57
-0.39394	-0.2	-336.04	-291.41
-0.39394	-0.166666	-291.23	-241.88
-0.39394	-0.130434	-249.78	-195.91
-0.39394	-0.09091	-211.63	-153.44
-0.39394	-0.04762	-176.71	-114.38
-0.39394	0	-144.95	-78.679
-0.39394	0.052632	-116.27	-46.249
-0.39394	0.111112	-90.592	-17.012
-0.39394	0.17647	-67.829	9.1173
-0.39394	0.25	-47.892	32.229
-0.39394	0.33334	-30.685	52.417
-0.39394	0.42858	-16.107	69.784
-0.39394	0.53846	-4.0495	84.439
-0.39394	0.66666	5.6042	96.497
-0.39394	0.81818	12.98	106.09
-0.39394	1	18.215	113.34
-0.375	-0.6	-2579.4	-2725.8
-0.375	-0.59184	-2440.3	-2576.9
-0.375	-0.58334	-2305.5	-2432.5
-0.375	-0.57446	-2175	-2292.6
-0.375	-0.56522	-2048.8	-2157.1
-0.375	-0.55556	-1926.8	-2026.1
-0.375	-0.54546	-1808.9	-1899.4
-0.375	-0.53488	-1695.3	-1777.1
-0.375	-0.5238	-1585.7	-1659.1
-0.375	-0.5122	-1480.3	-1545.4
-0.375	-0.5	-1378.8	-1436
-0.375	-0.48718	-1281.4	-1330.7
-0.375	-0.47368	-1188	-1229.6
-0.375	-0.45946	-1098.5	-1132.7
-0.375	-0.44444	-1012.8	-1039.8
-0.375	-0.42858	-931.06	-951
-0.375	-0.41176	-853.09	-866.18
-0.375	-0.39394	-778.88	-785.33
-0.375	-0.375	-708.39	-708.39
-0.375	-0.35484	-641.56	-635.32
-0.375	-0.33334	-578.36	-566.06
-0.375	-0.31034	-518.73	-500.57
-0.375	-0.28572	-462.61	-438.81
-0.375	-0.25926	-409.96	-380.7
-0.375	-0.23076	-360.72	-326.2
-0.375	-0.2	-314.83	-275.26
-0.375	-0.166666	-272.24	-227.8
-0.375	-0.130434	-232.88	-183.78
-0.375	-0.09091	-196.68	-143.11
-0.375	-0.04762	-163.58	-105.75
-0.375	0	-133.5	-71.607
-0.375	0.052632	-106.38	-40.617
-0.375	0.111112	-82.131	-12.699
-0.375	0.17647	-60.675	12.228
-0.375	0.25	-41.925	34.252
-0.375	0.33334	-25.786	53.466
-0.375	0.42858	-12.161	69.967
-0.375	0.53846	-0.94545	83.861
-0.375	0.66666	7.9747	95.261
-0.375	0.81818	14.721	104.29
-0.375	1	19.427	111.08
-0.35484	-0.6	-2453.7	-2611.3
-0.35484	-0.59184	-2320.8	-2468.2
-0.35484	-0.58334	-2192	-2329.5
-0.35484	-0.57446	-2067.3	-2195
-0.35484	-0.56522	-1946.6	-2064.9
-0.35484	-0.55556	-1830.1	-1939
-0.35484	-0.54546	-1717.5	-1817.4
-0.35484	-0.53488	-1609	-1699.9
-0.35484	-0.5238	-1504.4	-1586.6
-0.35484	-0.5122	-1403.7	-1477.4
-0.35484	-0.5	-1306.9	-1372.3
-0.35484	-0.48718	-1214	-1271.3
-0.35484	-0.47368	-1124.8	-1174.3
-0.35484	-0.45946	-1039.5	-1081.2
-0.35484	-0.44444	-957.84	-992.14
-0.35484	-0.42858	-879.9	-906.93
-0.35484	-0.41176	-805.61	-825.57
-0.35484	-0.39394	-734.92	-748.03
-0.35484	-0.375	-667.81	-674.26
-0.35484	-0.35484	-604.2	-604.2
-0.35484	-0.33334	-544.07	-537.83
-0.35484	-0.31034	-487.37	-475.08
-0.35484	-0.28572	-434.03	-415.91
-0.35484	-0.25926	-384.02	-360.26
-0.35484	-0.23076	-337.27	-308.09
-0.35484	-0.2	-293.74	-259.33
-0.35484	-0.166666	-253.36	-213.94
-0.35484	-0.130434	-216.07	-171.84
-0.35484	-0.09091	-181.81	-132.97
-0.35484	-0.04762	-150.52	-97.277
-0.35484	0	-122.12	-64.683
-0.35484	0.052632	-96.551	-35.118
-0.35484	0.111112	-73.728	-8.5066
-0.35484	0.17647	-53.573	15.232
-0.35484	0.25	-36.003	36.181
-0.35484	0.33334	-20.927	54.431
-0.35484	0.42858	-8.2505	70.077
-0.35484	0.53846	2.1285	83.22
-0.35484	0.66666	10.319	93.971
-0.35484	0.81818	16.441	102.45
-0.35484	1	20.621	108.78
-0.33334	-0.6	-2328.5	-2497.8
-0.33334	-0.59184	-2201.7	-2360.5
-0.33334	-0.58334	-2078.8	-2227.3
-0.33334	-0.57446	-1959.9	-2098.4
-0.33334	-0.56522	-1844.9	-1973.5
-0.33334	-0.55556	-1733.7	-1852.8
-0.33334	-0.54546	-1626.5	-1736.1
-0.33334	-0.53488	-1523	-1623.4
-0.33334	-0.5238	-1423.4	-1514.8
-0.33334	-0.5122	-1327.5	-1410.1
-0.33334	-0.5	-1235.3	-1309.3
-0.33334	-0.48718	-1146.8	-1212.5
-0.33334	-0.47368	-1061.9	-1119.5
-0.33334	-0.45946	-980.72	-1030.3
-0.33334	-0.44444	-903.06	-944.96
-0.33334	-0.42858	-828.94	-863.33
-0.33334	-0.41176	-758.32	-785.41
-0.33334	-0.39394	-691.15	-711.15
-0.33334	-0.375	-627.4	-640.52
-0.33334	-0.35484	-567.01	-573.46
-0.33334	-0.33334	-509.94	-509.94
-0.33334	-0.31034	-456.15	-449.91
-0.33334	-0.28572	-405.59	-393.31
-0.33334	-0.25926	-358.2	-340.11
-0.33334	-0.23076	-313.94	-290.24
-0.33334	-0.2	-272.75	-243.65
-0.33334	-0.166666	-234.57	-200.29
-0.33334	-0.130434	-199.35	-160.1
-0.33334	-0.09091	-167.03	-123.02
-0.33334	-0.04762	-137.54	-88.976
-0.33334	0	-110.81	-57.913
-0.33334	0.052632	-86.786	-29.759
-0.33334	0.111112	-65.38	-4.4386
-0.33334	0.17647	-46.52	18.124
-0.33334	0.25	-30.125	38.011
-0.33334	0.33334	-16.106	55.309
-0.33334	0.42858	-4.3732	70.111
-0.33334	0.53846	5.1735	82.514
-0.33334	0.66666	12.64	92.625
-0.33334	0.81818	18.14	100.56
-0.33334	1	21.798	106.44
-0.31034	-0.6	-2203.7	-2385.3
-0.31034	-0.59184	-2083	-2253.7
-0.31034	-0.58334	-1966	-2126.1
-0.31034	-0.57446	-1852.8	-2002.6
-0.31034	-0.56522	-1743.4	-1883
-0.31034	-0.55556	-1637.7	-1767.3
-0.31034	-0.54546	-1535.7	-1655.6
-0.31034	-0.53488	-1437.4	-1547.7
-0.31034	-0.5238	-1342.6	-1443.6
-0.31034	-0.5122	-1251.5	-1343.4
-0.31034	-0.5	-1163.9	-1247
-0.31034	-0.48718	-1079.9	-1154.3
-0.31034	-0.47368	-999.29	-1065.3
-0.31034	-0.45946	-922.18	-979.97
-0.31034	-0.44444	-848.5	-898.3
-0.31034	-0.42858	-778.19	-820.22
-0.31034	-0.41176	-711.22	-745.7
-0.31034	-0.39394	-647.56	-674.7
-0.31034	-0.375	-587.15	-607.18
-0.31034	-0.35484	-529.97	-543.1
-0.31034	-0.33334	-475.95	-482.41
-0.31034	-0.31034	-425.07	-425.07
-0.31034	-0.28572	-377.27	-371.03
-0.31034	-0.25926	-332.5	-320.24
-0.31034	-0.23076	-290.71	-272.65
-0.31034	-0.2	-251.86	-228.22
-0.31034	-0.166666	-215.88	-186.87
-0.31034	-0.130434	-182.72	-148.57
-0.31034	-0.09091	-152.32	-113.25
-0.31034	-0.04762	-124.63	-80.849
-0.31034	0	-99.569	-51.302
-0.31034	0.052632	-77.078	-24.542
-0.31034	0.111112	-57.085	-0.49923
-0.31034	0.17647	-39.514	20.902
-0.31034	0.25	-24.288	39.74
-0.31034	0.33334	-11.322	56.099
-0.31034	0.42858	-0.52754	70.067
-0.31034	0.53846	8.1913	81.741
-0.31034	0.66666	14.937	91.223
-0.31034	0.81818	19.819	98.623
-0.31034	1	22.959	104.06
-0.28572	-0.6	-2079.3	-2273.8
-0.28572	-0.59184	-1964.6	-2147.9
-0.28572	-0.58334	-1853.6	-2025.9
-0.28572	-0.57446	-1746.1	-1907.7
-0.28572	-0.56522	-1642.3	-1793.3
-0.28572	-0.55556	-1542	-1682.7
-0.28572	-0.54546	-1445.2	-1575.8
-0.28572	-0.53488	-1352	-1472.7
-0.28572	-0.5238	-1262.1	-1373.2
-0.28572	-0.5122	-1175.8	-1277.4
-0.28572	-0.5	-1092.8	-1185.3
-0.28572	-0.48718	-1013.1	-1096.7
-0.28572	-0.47368	-936.85	-1011.7
-0.28572	-0.45946	-863.86	-930.17
-0.28572	-0.44444	-794.12	-852.16
-0.28572	-0.42858	-727.62	-777.61
-0.28572	-0.41176	-664.3	-706.47
-0.28572	-0.39394	-604.13	-638.7
-0.28572	-0.375	-547.06	-574.27
-0.28572	-0.35484	-493.07	-513.13
-0.28572	-0.33334	-442.1	-455.25
-0.28572	-0.31034	-394.11	-400.58
-0.28572	-0.28572	-349.07	-349.07
-0.28572	-0.25926	-306.91	-300.67
-0.28572	-0.23076	-267.59	-255.35
-0.28572	-0.2	-231.06	-213.04
-0.28572	-0.166666	-197.27	-173.69
-0.28572	-0.130434	-166.17	-137.26
-0.28572	-0.09091	-137.69	-103.69
-0.28572	-0.04762	-111.79	-72.904
-0.28572	0	-88.385	-44.855
-0.28572	0.052632	-67.425	-19.474
-0.28572	0.111112	-48.838	3.3072
-0.28572	0.17647	-32.552	23.561
-0.28572	0.25	-18.49	41.364
-0.28572	0.33334	-6.5717	56.796
-0.28572	0.42858	3.2888	69.944
-0.28572	0.53846	11.184	80.899
-0.28572	0.66666	17.212	89.762
-0.28572	0.81818	21.481	96.637
-0.28572	1	24.105	101.64
-0.25926	-0.6	-1955.2	-2163.4
-0.25926	-0.59184	-1846.6	-2043.1
-0.25926	-0.58334	-1741.4	-1926.6
-0.25926	-0.57446	-1639.8	-1813.7
-0.25926	-0.56522	-1541.5	-1704.5
-0.25926	-0.55556	-1446.6	-1598.9
-0.25926	-0.54546	-1355	-1496.9
-0.25926	-0.53488	-1266.8	-1398.5
-0.25926	-0.5238	-1181.9	-1303.6
-0.25926	-0.5122	-1100.3	-1212.2
-0.25926	-0.5	-1021.8	-1124.2
-0.25926	-0.48718	-946.64	-1039.7
-0.25926	-0.47368	-874.61	-958.66
-0.25926	-0.45946	-805.71	-880.95
-0.25926	-0.44444	-739.93	-806.58
-0.25926	-0.42858	-677.21	-735.52
-0.25926	-0.41176	-617.53	-667.72
-0.25926	-0.39394	-560.84	-603.16
-0.25926	-0.375	-507.11	-541.79
-0.25926	-0.35484	-456.3	-483.58
-0.25926	-0.33334	-408.37	-428.47
-0.25926	-0.31034	-363.27	-376.44
-0.25926	-0.28572	-320.97	-327.44
-0.25926	-0.25926	-281.41	-281.41
-0.25926	-0.23076	-244.56	-238.32
-0.25926	-0.2	-210.35	-198.12
-0.25926	-0.166666	-178.75	-160.76
-0.25926	-0.130434	-149.69	-126.18
-0.25926	-0.09091	-123.13	-94.326
-0.25926	-0.04762	-99.002	-65.146
-0.25926	0	-77.254	-38.578
-0.25926	0.052632	-57.82	-14.559
-0.25926	0.111112	-40.635	6.9758
-0.25926	0.17647	-25.628	26.097
-0.25926	0.25	-12.726	42.878
-0.25926	0.33334	-1.8518	57.397
-0.25926	0.42858	7.0785	69.736
-0.25926	0.53846	14.153	79.985
-0.25926	0.66666	19.468	88.239
-0.25926	0.81818	23.125	94.6
-0.25926	1	25.238	99.181
-0.23076	-0.6	-1831.4	-2054.1
-0.23076	-0.59184	-1728.8	-1939.4
-0.23076	-0.58334	-1629.6	-1828.3
-0.23076	-0.57446	-1533.6	-1720.8
-0.23076	-0.56522	-1440.9	-1616.7
-0.23076	-0.55556	-1351.4	-1516.1
-0.23076	-0.54546	-1265	-1418.9
-0.23076	-0.53488	-1181.9	-1325.1
-0.23076	-0.5238	-1101.9	-1234.7
-0.23076	-0.5122	-1024.9	-1147.6
-0.23076	-0.5	-951.11	-1063.9
-0.23076	-0.48718	-880.31	-983.47
-0.23076	-0.47368	-812.53	-906.29
-0.23076	-0.45946	-747.73	-832.33
-0.23076	-0.44444	-685.88	-761.57
-0.23076	-0.42858	-626.95	-693.97
-0.23076	-0.41176	-570.89	-629.49
-0.23076	-0.39394	-517.68	-568.1
-0.23076	-0.375	-467.28	-509.77
-0.23076	-0.35484	-419.65	-454.44
-0.23076	-0.33334	-374.75	-402.09
-0.23076	-0.31034	-332.53	-352.68
-0.23076	-0.28572	-292.97	-306.15
-0.23076	-0.25926	-256.01	-262.48
-0.23076	-0.23076	-221.6	-221.6
-0.23076	-0.2	-189.71	-183.49
-0.23076	-0.166666	-160.29	-148.08
-0.23076	-0.130434	-133.27	-115.33
-0.23076	-0.09091	-108.62	-85.18
-0.23076	-0.04762	-86.271	-57.583
-0.23076	0	-66.171	-32.477
-0.23076	0.052632	-48.259	-9.8039
-0.23076	0.111112	-32.47	10.502
-0.23076	0.17647	-18.738	28.506
-0.23076	0.25	-6.9928	44.28
-0.23076	0.33334	2.8417	57.899
-0.23076	0.42858	10.845	69.443
-0.23076	0.53846	17.103	78.997
-0.23076	0.66666	21.707	86.652
-0.23076	0.81818	24.756	92.51
-0.23076	1	26.359	96.676
-0.2	-0.6	-1707.8	-1945.9
-0.2	-0.59184	-1611.3	-1836.8
-0.2	-0.58334	-1518	-1731.1
-0.2	-0.57446	-1427.7	-1628.8
-0.2	-0.56522	-1340.5	-1529.8
-0.2	-0.55556	-1256.4	-1434.1
-0.2	-0.54546	-1175.3	-1341.7
-0.2	-0.53488	-1097.1	-1252.5
-0.2	-0.5238	-1022	-1166.6
-0.2	-0.5122	-949.81	-1083.9
-0.2	-0.5	-880.53	-1004.3
-0.2	-0.48718	-814.13	-927.89
-0.2	-0.47368	-750.6	-854.58
-0.2	-0.45946	-689.88	-784.34
-0.2	-0.44444	-631.96	-717.16
-0.2	-0.42858	-576.8	-652.98
-0.2	-0.41176	-524.37	-591.79
-0.2	-0.39394	-474.63	-533.54
-0.2	-0.375	-427.55	-478.21
-0.2	-0.35484	-383.09	-425.75
-0.2	-0.33334	-341.21	-376.12
-0.2	-0.31034	-301.87	-329.3
-0.2	-0.28572	-265.04	-285.23
-0.2	-0.25926	-230.67	-243.87
-0.2	-0.23076	-198.72	-205.19
-0.2	-0.2	-169.13	-169.13
-0.2	-0.166666	-141.88	-135.66
-0.2	-0.130434	-116.91	-104.72
-0.2	-0.09091	-94.156	-76.255
-0.2	-0.04762	-73.582	-50.221
-0.2	0	-55.126	-26.56
-0.2	0.052632	-38.732	-5.2137
-0.2	0.111112	-24.336	13.879
-0.2	0.17647	-11.877	30.782
-0.2	0.25	-1.2841	45.565
-0.2	0.33334	7.5134	58.298
-0.2	0.42858	14.593	69.059
-0.2	0.53846	20.036	77.931
-0.2	0.66666	23.932	85
-0.2	0.81818	26.375	90.364
-0.2	1	27.47	94.125
-0.166666	-0.6	-1584.4	-1838.9
-0.166666	-0.59184	-1494	-1735.3
-0.166666	-0.58334	-1406.5	-1635
-0.166666	-0.57446	-1321.9	-1537.9
-0.166666	-0.56522	-1240.3	-1443.9
-0.166666	-0.55556	-1161.5	-1353.1
-0.166666	-0.54546	-1085.6	-1265.5
-0.166666	-0.53488	-1012.5	-1180.9
-0.166666	-0.5238	-942.26	-1099.4
-0.166666	-0.5122	-874.78	-1020.9
-0.166666	-0.5	-810.06	-945.48
-0.166666	-0.48718	-748.06	-873.04
-0.166666	-0.47368	-688.76	-803.56
-0.166666	-0.45946	-632.13	-737.01
-0.166666	-0.44444	-578.13	-673.36
-0.166666	-0.42858	-526.75	-612.58
-0.166666	-0.41176	-477.93	-554.64
-0.166666	-0.39394	-431.66	-499.5
-0.166666	-0.375	-387.89	-447.14
-0.166666	-0.35484	-346.59	-397.51
-0.166666	-0.33334	-307.73	-350.58
-0.166666	-0.31034	-271.27	-306.32
-0.166666	-0.28572	-237.17	-264.68
-0.166666	-0.25926	-205.38	-225.62
-0.166666	-0.23076	-175.87	-189.1
-0.166666	-0.2	-148.6	-155.08
-0.166666	-0.166666	-123.52	-123.52
-0.166666	-0.130434	-100.58	-94.359
-0.166666	-0.09091	-79.728	-67.561
-0.166666	-0.04762	-60.923	-43.069
-0.166666	0	-44.109	-20.833
-0.166666	0.052632	-29.229	-0.79538
-0.166666	0.111112	-16.225	17.102
-0.166666	0.17647	-5.0349	32.921
-0.166666	0.25	4.4069	46.727
-0.166666	0.33334	12.17	58.59
-0.166666	0.42858	18.327	68.583
-0.166666	0.53846	22.958	76.784
-0.166666	0.66666	26.147	83.28
-0.166666	0.81818	27.986	88.16
-0.166666	1	28.574	91.526
-0.130434	-0.6	-1461.1	-1733.1
-0.130434	-0.59184	-1376.7	-1635.1
-0.130434	-0.58334	-1295.1	-1540
-0.130434	-0.57446	-1216.2	-1448.1
-0.130434	-0.56522	-1140.1	-1359.1
-0.130434	-0.55556	-1066.7	-1273.2
-0.130434	-0.54546	-996	-1190.2
-0.130434	-0.53488	-927.97	-1110.1
-0.130434	-0.5238	-862.58	-1033
-0.130434	-0.5122	-799.82	-958.8
-0.130434	-0.5	-739.65	-887.45
-0.130434	-0.48718	-682.04	-818.94
-0.130434	-0.47368	-626.98	-753.25
-0.130434	-0.45946	-574.42	-690.35
-0.130434	-0.44444	-524.35	-630.2
-0.130434	-0.42858	-476.73	-572.78
-0.130434	-0.41176	-431.53	-518.06
-0.130434	-0.39394	-388.72	-466
-0.130434	-0.375	-348.27	-416.58
-0.130434	-0.35484	-310.13	-369.75
-0.130434	-0.33334	-274.29	-325.49
-0.130434	-0.31034	-240.7	-283.76
-0.130434	-0.28572	-209.32	-244.51
-0.130434	-0.25926	-180.12	-207.72
-0.130434	-0.23076	-153.06	-173.34
-0.130434	-0.2	-128.09	-141.34
-0.130434	-0.166666	-105.17	-111.66
-0.130434	-0.130434	-84.264	-84.264
-0.130434	-0.09091	-65.316	-59.106
-0.130434	-0.04762	-48.281	-36.137
-0.130434	0	-33.107	-15.305
-0.130434	0.052632	-19.74	3.4438
-0.130434	0.111112	-8.1258	20.165
-0.130434	0.17647	1.7964	34.917
-0.130434	0.25	10.089	47.763
-0.130434	0.33334	16.818	58.77
-0.130434	0.42858	22.054	68.009
-0.130434	0.53846	25.873	75.554
-0.130434	0.66666	28.357	81.487
-0.130434	0.81818	29.592	85.897
-0.130434	1	29.675	88.877
-0.09091	-0.6	-1337.8	-1628.7
-0.09091	-0.59184	-1259.4	-1536
-0.09091	-0.58334	-1183.7	-1446.3
-0.09091	-0.57446	-1110.5	-1359.4
-0.09091	-0.56522	-1039.9	-1275.4
-0.09091	-0.55556	-971.9	-1194.2
-0.09091	-0.54546	-906.4	-1115.9
-0.09091	-0.53488	-843.41	-1040.3
-0.09091	-0.5238	-782.9	-967.57
-0.09091	-0.5122	-724.85	-897.54
-0.09091	-0.5	-669.23	-830.24
-0.09091	-0.48718	-616.02	-765.63
-0.09091	-0.47368	-565.19	-703.69
-0.09091	-0.45946	-516.71	-644.4
-0.09091	-0.44444	-470.56	-587.71
-0.09091	-0.42858	-426.71	-533.62
-0.09091	-0.41176	-385.13	-482.08
-0.09091	-0.39394	-345.78	-433.06
-0.09091	-0.375	-308.64	-386.55
-0.09091	-0.35484	-273.67	-342.49
-0.09091	-0.33334	-240.84	-300.86
-0.09091	-0.31034	-210.12	-261.63
-0.09091	-0.28572	-181.47	-224.76
-0.09091	-0.25926	-154.86	-190.21
-0.09091	-0.23076	-130.24	-157.94
-0.09091	-0.2	-107.57	-127.92
-0.09091	-0.166666	-86.826	-100.1
-0.09091	-0.130434	-67.951	-74.443
-0.09091	-0.09091	-50.903	-50.903
-0.09091	-0.04762	-35.636	-29.432
-0.09091	0	-22.102	-9.9831
-0.09091	0.052632	-10.25	7.4962
-0.09091	0.111112	-0.024742	23.059
-0.09091	0.17647	8.6291	36.763
-0.09091	0.25	15.772	48.666
-0.09091	0.33334	21.467	58.834
-0.09091	0.42858	25.782	67.333
-0.09091	0.53846	28.79	74.236
-0.09091	0.66666	30.567	79.621
-0.09091	0.81818	31.199	83.57
-0.09091	1	30.776	86.177
-0.04762	-0.6	-1214.4	-1525.6
-0.04762	-0.59184	-1142	-1438.3
-0.04762	-0.58334	-1072.2	-1353.7
-0.04762	-0.57446	-1004.7	-1271.9
-0.04762	-0.56522	-939.65	-1192.8
-0.04762	-0.55556	-876.99	-1116.4
-0.04762	-0.54546	-816.69	-1042.7
-0.04762	-0.53488	-758.74	-971.56
-0.04762	-0.5238	-703.11	-903.08
-0.04762	-0.5122	-649.78	-837.2
-0.04762	-0.5	-598.72	-773.9
-0.04762	-0.48718	-549.91	-713.14
-0.04762	-0.47368	-503.32	-654.92
-0.04762	-0.45946	-458.92	-599.19
-0.04762	-0.44444	-416.7	-545.93
-0.04762	-0.42858	-376.62	-495.12
-0.04762	-0.41176	-338.66	-446.72
-0.04762	-0.39394	-302.78	-400.72
-0.04762	-0.375	-268.95	-357.07
-0.04762	-0.35484	-237.15	-315.75
-0.04762	-0.33334	-207.35	-276.72
-0.04762	-0.31034	-179.5	-239.96
-0.04762	-0.28572	-153.58	-205.42
-0.04762	-0.25926	-129.55	-173.08
-0.04762	-0.23076	-107.38	-142.9
-0.04762	-0.2	-87.025	-114.84
-0.04762	-0.166666	-68.447	-88.852
-0.04762	-0.130434	-51.607	-64.908
-0.04762	-0.09091	-36.462	-42.961
-0.04762	-0.04762	-22.967	-22.967
-0.04762	0	-11.075	-4.8781
-0.04762	0.052632	-0.73847	11.353
-0.04762	0.111112	8.0946	25.778
-0.04762	0.17647	15.478	38.452
-0.04762	0.25	21.469	49.431
-0.04762	0.33334	26.129	58.776
-0.04762	0.42858	29.521	66.552
-0.04762	0.53846	31.715	72.827
-0.04762	0.66666	32.786	77.676
-0.04762	0.81818	32.812	81.179
-0.04762	1	31.882	83.423
0	-0.6	-1090.6	-1423.9
0	-0.59184	-1024.3	-1341.9
0	-0.58334	-960.34	-1262.5
0	-0.57446	-898.6	-1185.7
0	-0.56522	-839.11	-1111.4
0	-0.55556	-781.83	-1039.7
0	-0.54546	-726.75	-970.52
0	-0.53488	-673.86	-903.82
0	-0.5238	-623.12	-839.59
0	-0.5122	-574.51	-777.81
0	-0.5	-528.02	-718.46
0	-0.48718	-483.61	-661.52
0	-0.47368	-441.27	-606.96
0	-0.45946	-400.97	-554.75
0	-0.44444	-362.68	-504.88
0	-0.42858	-326.38	-457.31
0	-0.41176	-292.05	-412.02
0	-0.39394	-259.64	-368.99
0	-0.375	-229.14	-328.17
0	-0.35484	-200.52	-289.55
0	-0.33334	-173.74	-253.09
0	-0.31034	-148.78	-218.76
0	-0.28572	-125.59	-186.54
0	-0.25926	-104.16	-156.37
0	-0.23076	-84.441	-128.24
0	-0.2	-66.4	-102.11
0	-0.166666	-49.999	-77.931
0	-0.130434	-35.2	-55.673
0	-0.09091	-21.963	-35.294
0	-0.04762	-10.244	-16.751
0	0	0	0
0	0.052632	8.816	15.005
0	0.111112	16.253	28.314
0	0.17647	22.362	39.978
0	0.25	27.197	50.05
0	0.33334	30.818	58.59
0	0.42858	33.284	65.659
0	0.53846	34.662	71.322
0	0.66666	35.022	75.65
0	0.81818	34.441	78.719
0	1	33.001	80.612
0.052632	-0.6	-966.38	-1323.7
0.052632	-0.59184	-906.17	-1247
0.052632	-0.58334	-848.07	-1172.7
0.052632	-0.57446	-792.07	-1100.8
0.052632	-0.56522	-738.14	-1031.3
0.052632	-0.55556	-686.27	-964.24
0.052632	-0.54546	-636.42	-899.54
0.052632	-0.53488	-588.6	-837.18
0.052632	-0.5238	-542.77	-777.14
0.052632	-0.5122	-498.91	-719.42
0.052632	-0.5	-457	-663.98
0.052632	-0.48718	-417.02	-610.8
0.052632	-0.47368	-378.94	-559.86
0.052632	-0.45946	-342.74	-511.14
0.052632	-0.44444	-308.41	-464.6
0.052632	-0.42858	-275.9	-420.24
0.052632	-0.41176	-245.21	-378.01
0.052632	-0.39394	-216.29	-337.91
0.052632	-0.375	-189.13	-299.88
0.052632	-0.35484	-163.69	-263.92
0.052632	-0.33334	-139.95	-230
0.052632	-0.31034	-117.88	-198.07
0.052632	-0.28572	-97.45	-168.11
0.052632	-0.25926	-78.622	-140.1
0.052632	-0.23076	-61.367	-113.99
0.052632	-0.2	-45.65	-89.753
0.052632	-0.166666	-31.436	-67.353
0.052632	-0.130434	-18.688	-46.753
0.052632	-0.09091	-7.367	-27.915
0.052632	-0.04762	2.5666	-10.798
0.052632	0	11.155	4.64
0.052632	0.052632	18.443	18.443
0.052632	0.111112	24.476	30.657
0.052632	0.17647	29.303	41.331
0.052632	0.25	32.977	50.518
0.052632	0.33334	35.551	58.271
0.052632	0.42858	37.086	64.65
0.052632	0.53846	37.642	69.716
0.052632	0.66666	37.287	73.537
0.052632	0.81818	36.093	76.186
0.052632	1	34.14	77.741
0.111112	-0.6	-841.37	-1225.1
0.111112	-0.59184	-787.27	-1153.5
0.111112	-0.58334	-735.11	-1084.3
0.111112	-0.57446	-684.87	-1017.3
0.111112	-0.56522	-636.54	-952.53
0.111112	-0.55556	-590.09	-890.04
0.111112	-0.54546	-545.51	-829.77
0.111112	-0.53488	-502.78	-771.7
0.111112	-0.5238	-461.89	-715.81
0.111112	-0.5122	-422.79	-662.08
0.111112	-0.5	-385.49	-610.5
0.111112	-0.48718	-349.96	-561.03
0.111112	-0.47368	-316.17	-513.67
0.111112	-0.45946	-284.1	-468.38
0.111112	-0.44444	-253.74	-425.14
0.111112	-0.42858	-225.05	-383.93
0.111112	-0.41176	-198.02	-344.73
0.111112	-0.39394	-172.61	-307.51
0.111112	-0.375	-148.8	-272.24
0.111112	-0.35484	-126.58	-238.9
0.111112	-0.33334	-105.9	-207.47
0.111112	-0.31034	-86.738	-177.9
0.111112	-0.28572	-69.07	-150.18
0.111112	-0.25926	-52.864	-124.28
0.111112	-0.23076	-38.089	-100.16
0.111112	-0.2	-24.712	-77.789
0.111112	-0.166666	-12.699	-57.136
0.111112	-0.130434	-2.0157	-38.164
0.111112	-0.09091	7.3747	-20.839
0.111112	-0.04762	15.51	-5.121
0.111112	0	22.431	9.0293
0.111112	0.052632	28.178	21.654
0.111112	0.111112	32.796	32.796
0.111112	0.17647	36.332	42.504
0.111112	0.25	38.833	50.824
0.111112	0.33334	40.353	57.81
0.111112	0.42858	40.946	63.517
0.111112	0.53846	40.672	68.004
0.111112	0.66666	39.595	71.335
0.111112	0.81818	37.782	73.578
0.111112	1	35.309	74.808
0.17647	-0.6	-715.29	-1128.1
0.17647	-0.59184	-667.34	-1061.7
0.17647	-0.58334	-621.15	-997.37
0.17647	-0.57446	-576.72	-935.2
0.17647	-0.56522	-534.02	-875.14
0.17647	-0.55556	-493.04	-817.17
0.17647	-0.54546	-453.77	-761.28
0.17647	-0.53488	-416.17	-707.44
0.17647	-0.5238	-380.24	-655.64
0.17647	-0.5122	-345.96	-605.86
0.17647	-0.5	-313.3	-558.08
0.17647	-0.48718	-282.25	-512.27
0.17647	-0.47368	-252.78	-468.43
0.17647	-0.45946	-224.88	-426.52
0.17647	-0.44444	-198.51	-386.53
0.17647	-0.42858	-173.67	-348.43
0.17647	-0.41176	-150.33	-312.21
0.17647	-0.39394	-128.46	-277.83
0.17647	-0.375	-108.04	-245.27
0.17647	-0.35484	-89.047	-214.52
0.17647	-0.33334	-71.452	-185.53
0.17647	-0.31034	-55.23	-158.29
0.17647	-0.28572	-40.353	-132.77
0.17647	-0.25926	-26.793	-108.94
0.17647	-0.23076	-14.52	-86.776
0.17647	-0.2	-3.5047	-66.239
0.17647	-0.166666	6.2857	-47.3
0.17647	-0.130434	14.884	-29.926
0.17647	-0.09091	22.325	-14.083
0.17647	-0.04762	28.644	0.26398
0.17647	0	33.879	13.154
0.17647	0.052632	38.069	24.626
0.17647	0.111112	41.256	34.722
0.17647	0.17647	43.485	43.485
0.17647	0.25	44.8	50.961
0.17647	0.33334	45.252	57.201
0.17647	0.42858	44.892	62.256
0.17647	0.53846	43.776	66.181
0.17647	0.66666	41.965	69.038
0.17647	0.81818	39.523	70.89
0.17647	1	36.521	71.808
0.25	-0.6	-587.72	-1032.9
0.25	-0.59184	-545.97	-971.49
0.25	-0.58334	-505.82	-912.1
0.25	-0.57446	-467.25	-854.68
0.25	-0.56522	-430.25	-799.23
0.25	-0.55556	-394.79	-745.72
0.25	-0.54546	-360.87	-694.14
0.25	-0.53488	-328.46	-644.48
0.25	-0.5238	-297.55	-596.71
0.25	-0.5122	-268.12	-550.81
0.25	-0.5	-240.16	-506.77
0.25	-0.48718	-213.63	-464.58
0.25	-0.47368	-188.53	-424.2
0.25	-0.45946	-164.83	-385.63
0.25	-0.44444	-142.52	-348.83
0.25	-0.42858	-121.57	-313.79
0.25	-0.41176	-101.95	-280.49
0.25	-0.39394	-83.663	-248.91
0.25	-0.375	-66.668	-219.02
0.25	-0.35484	-50.945	-190.8
0.25	-0.33334	-36.471	-164.23
0.25	-0.31034	-23.221	-139.27
0.25	-0.28572	-11.168	-115.91
0.25	-0.25926	-0.28678	-94.119
0.25	-0.23076	9.4514	-73.867
0.25	-0.2	18.075	-55.126
0.25	-0.166666	25.614	-37.867
0.25	-0.130434	32.099	-22.058
0.25	-0.09091	37.563	-7.667
0.25	-0.04762	42.04	5.34
0.25	0	45.565	16.998
0.25	0.052632	48.175	27.345
0.25	0.111112	49.91	36.42
0.25	0.17647	50.81	44.263
0.25	0.25	50.919	50.919
0.25	0.33334	50.284	56.434
0.25	0.42858	48.954	60.856
0.25	0.53846	46.98	64.239
0.25	0.66666	44.421	66.639
0.25	0.81818	41.336	68.117
0.25	1	37.792	68.739
0.33334	-0.6	-458.12	-939.52
0.33334	-0.59184	-422.66	-883.11
0.33334	-0.58334	-388.62	-828.54
0.33334	-0.57446	-355.99	-775.81
0.33334	-0.56522	-324.75	-724.9
0.33334	-0.55556	-294.9	-675.78
0.33334	-0.54546	-266.4	-628.45
0.33334	-0.53488	-239.25	-582.89
0.33334	-0.5238	-213.43	-539.09
0.33334	-0.5122	-188.92	-497.02
0.33334	-0.5	-165.71	-456.67
0.33334	-0.48718	-143.78	-418.02
0.33334	-0.47368	-123.11	-381.05
0.33334	-0.45946	-103.68	-345.75
0.33334	-0.44444	-85.468	-312.09
0.33334	-0.42858	-68.463	-280.07
0.33334	-0.41176	-52.641	-249.64
0.33334	-0.39394	-37.982	-220.81
0.33334	-0.375	-24.463	-193.53
0.33334	-0.35484	-12.063	-167.8
0.33334	-0.33334	-0.75998	-143.59
0.33334	-0.31034	9.4706	-120.88
0.33334	-0.28572	18.653	-99.633
0.33334	-0.25926	26.811	-79.837
0.33334	-0.23076	33.972	-61.461
0.33334	-0.2	40.162	-44.479
0.33334	-0.166666	45.409	-28.863
0.33334	-0.130434	49.743	-14.584
0.33334	-0.09091	53.194	-1.6108
0.33334	-0.04762	55.794	10.088
0.33334	0	57.576	20.545
0.33334	0.052632	58.574	29.796
0.33334	0.111112	58.826	37.877
0.33334	0.17647	58.37	44.827
0.33334	0.25	57.246	50.687
0.33334	0.33334	55.499	55.499
0.33334	0.42858	53.175	59.311
0.33334	0.53846	50.322	62.172
0.33334	0.66666	46.994	64.133
0.33334	0.81818	43.247	65.254
0.33334	1	39.145	65.595
0.42858	-0.6	-325.79	-848.14
0.42858	-0.59184	-296.72	-796.63
0.42858	-0.58334	-268.9	-746.82
0.42858	-0.57446	-242.31	-698.69
0.42858	-0.56522	-216.95	-652.24
0.42858	-0.55556	-192.78	-607.45
0.42858	-0.54546	-169.81	-564.3
0.42858	-0.53488	-148.01	-522.78
0.42858	-0.5238	-127.37	-482.87
0.42858	-0.5122	-107.88	-444.56
0.42858	-0.5	-89.515	-407.83
0.42858	-0.48718	-72.262	-372.66
0.42858	-0.47368	-56.103	-339.05
0.42858	-0.45946	-41.021	-306.96
0.42858	-0.44444	-27	-276.39
0.42858	-0.42858	-14.019	-247.31
0.42858	-0.41176	-2.0619	-219.71
0.42858	-0.39394	8.8923	-193.57
0.42858	-0.375	18.863	-168.86
0.42858	-0.35484	27.871	-145.57
0.42858	-0.33334	35.937	-123.67
0.42858	-0.31034	43.083	-103.15
0.42858	-0.28572	49.332	-83.978
0.42858	-0.25926	54.707	-66.133
0.42858	-0.23076	59.232	-49.592
0.42858	-0.2	62.933	-34.328
0.42858	-0.166666	65.836	-20.317
0.42858	-0.130434	67.967	-7.5298
0.42858	-0.09091	69.356	4.061
0.42858	-0.04762	70.031	14.485
0.42858	0	70.024	23.774
0.42858	0.052632	69.368	31.96
0.42858	0.111112	68.097	39.077
0.42858	0.17647	66.246	45.161
0.42858	0.25	63.854	50.251
0.42858	0.33334	60.961	54.386
0.42858	0.42858	57.611	57.611
0.42858	0.53846	53.848	59.97
0.42858	0.66666	49.724	61.513
0.42858	0.81818	45.291	62.295
0.42858	1	40.607	62.372
0.53846	-0.6	-189.76	-758.89
0.53846	-0.59184	-167.24	-712.2
0.53846	-0.58334	-145.78	-667.06
0.53846	-0.57446	-125.38	-623.46
0.53846	-0.56522	-106.02	-581.39
0.53846	-0.55556	-87.683	-540.84
0.53846	-0.54546	-70.365	-501.79
0.53846	-0.53488	-54.048	-464.23
0.53846	-0.5238	-38.718	-428.15
0.53846	-0.5122	-24.36	-393.53
0.53846	-0.5	-10.96	-360.35
0.53846	-0.48718	1.4984	-328.6
0.53846	-0.47368	13.03	-298.27
0.53846	-0.45946	23.652	-269.34
0.53846	-0.44444	33.38	-241.79
0.53846	-0.42858	42.231	-215.6
0.53846	-0.41176	50.222	-190.76
0.53846	-0.39394	57.372	-167.25
0.53846	-0.375	63.699	-145.06
0.53846	-0.35484	69.222	-124.15
0.53846	-0.33334	73.961	-104.52
0.53846	-0.31034	77.936	-86.138
0.53846	-0.28572	81.167	-68.989
0.53846	-0.25926	83.678	-53.05
0.53846	-0.23076	85.49	-38.298
0.53846	-0.2	86.626	-24.71
0.53846	-0.166666	87.111	-12.261
0.53846	-0.130434	86.971	-0.92593
0.53846	-0.09091	86.23	9.321
0.53846	-0.04762	84.918	18.508
0.53846	0	83.063	26.663
0.53846	0.052632	80.695	33.817
0.53846	0.111112	77.845	40.001
0.53846	0.17647	74.548	45.249
0.53846	0.25	70.839	49.597
0.53846	0.33334	66.754	53.082
0.53846	0.42858	62.335	55.743
0.53846	0.53846	57.624	57.624
0.53846	0.66666	52.667	58.771
0.53846	0.81818	47.513	59.233
0.53846	1	42.216	59.063
0.66666	-0.6	-48.767	-671.94
0.66666	-0.59184	-32.979	-629.96
0.66666	-0.58334	-18.076	-589.4
0.66666	-0.57446	-4.0449	-550.24
0.66666	-0.56522	9.1252	-512.48
0.66666	-0.55556	21.447	-476.08
0.66666	-0.54546	32.933	-441.06
0.66666	-0.53488	43.596	-407.38
0.66666	-0.5238	53.449	-375.05
0.66666	-0.5122	62.506	-344.04
0.66666	-0.5	70.78	-314.34
0.66666	-0.48718	78.285	-285.94
0.66666	-0.47368	85.037	-258.82
0.66666	-0.45946	91.05	-232.97
0.66666	-0.44444	96.338	-208.37
0.66666	-0.42858	100.92	-185.01
0.66666	-0.41176	104.81	-162.87
0.66666	-0.39394	108.02	-141.94
0.66666	-0.375	110.57	-122.19
0.66666	-0.35484	112.49	-103.61
0.66666	-0.33334	113.78	-86.189
0.66666	-0.31034	114.46	-69.897
0.66666	-0.28572	114.56	-54.719
0.66666	-0.25926	114.1	-40.635
0.66666	-0.23076	113.09	-27.623
0.66666	-0.2	111.56	-15.663
0.66666	-0.166666	109.53	-4.7323
0.66666	-0.130434	107.03	5.1932
0.66666	-0.09091	104.07	14.137
0.66666	-0.04762	100.68	22.126
0.66666	0	96.898	29.185
0.66666	0.052632	92.74	35.343
0.66666	0.111112	88.239	40.628
0.66666	0.17647	83.426	45.073
0.66666	0.25	78.333	48.709
0.66666	0.33334	72.995	51.571
0.66666	0.42858	67.45	53.696
0.66666	0.53846	61.736	55.124
0.66666	0.66666	55.896	55.896
0.66666	0.81818	49.976	56.06
0.66666	1	44.025	55.663
0.81818	-0.6	98.997	-587.46
0.81818	-0.59184	107.78	-550.11
0.81818	-0.58334	115.86	-514.04
0.81818	-0.57446	123.27	-479.22
0.81818	-0.56522	129.99	-445.66
0.81818	-0.55556	136.06	-413.34
0.81818	-0.54546	141.47	-382.25
0.81818	-0.53488	146.24	-352.37
0.81818	-0.5238	150.39	-323.7
0.81818	-0.5122	153.92	-296.22
0.81818	-0.5	156.85	-269.91
0.81818	-0.48718	159.19	-244.78
0.81818	-0.47368	160.95	-220.8
0.81818	-0.45946	162.15	-197.96
0.81818	-0.44444	162.8	-176.24
0.81818	-0.42858	162.92	-155.64
0.81818	-0.41176	162.52	-136.13
0.81818	-0.39394	161.61	-117.7
0.81818	-0.375	160.22	-100.34
0.81818	-0.35484	158.35	-84.031
0.81818	-0.33334	156.03	-68.753
0.81818	-0.31034	153.26	-54.491
0.81818	-0.28572	150.08	-41.228
0.81818	-0.25926	146.49	-28.944
0.81818	-0.23076	142.52	-17.62
0.81818	-0.2	138.19	-7.2379
0.81818	-0.166666	133.51	2.224
0.81818	-0.130434	128.51	10.787
0.81818	-0.09091	123.22	18.473
0.81818	-0.04762	117.64	25.306
0.81818	0	111.81	31.31
0.81818	0.052632	105.76	36.51
0.81818	0.111112	99.509	40.934
0.81818	0.17647	93.085	44.609
0.81818	0.25	86.52	47.566
0.81818	0.33334	79.846	49.836
0.81818	0.42858	73.095	51.454
0.81818	0.53846	66.306	52.455
0.81818	0.66666	59.515	52.879
0.81818	0.81818	52.766	52.766
0.81818	1	46.104	52.164
1	-0.6	256.08	-505.69
1	-0.59184	257.48	-472.86
1	-0.58334	258.39	-441.17
1	-0.57446	258.81	-410.6
1	-0.56522	258.74	-381.14
1	-0.55556	258.21	-352.79
1	-0.54546	257.22	-325.53
1	-0.53488	255.78	-299.36
1	-0.5238	253.9	-274.26
1	-0.5122	251.6	-250.22
1	-0.5	248.88	-227.23
1	-0.48718	245.76	-205.27
1	-0.47368	242.25	-184.34
1	-0.45946	238.36	-164.43
1	-0.44444	234.1	-145.52
1	-0.42858	229.49	-127.59
1	-0.41176	224.54	-110.64
1	-0.39394	219.26	-94.648
1	-0.375	213.68	-79.603
1	-0.35484	207.79	-65.49
1	-0.33334	201.63	-52.293
1	-0.31034	195.2	-39.997
1	-0.28572	188.52	-28.586
1	-0.25926	181.6	-18.042
1	-0.23076	174.48	-8.3496
1	-0.2	167.15	0.51033
1	-0.166666	159.64	8.5562
1	-0.130434	151.97	15.808
1	-0.09091	144.17	22.284
1	-0.04762	136.24	28.008
1	0	128.22	33.001
1	0.052632	120.13	37.286
1	0.111112	111.99	40.888
1	0.17647	103.82	43.832
1	0.25	95.661	46.146
1	0.33334	87.534	47.858
1	0.42858	79.471	49
1	0.53846	71.505	49.604
1	0.66666	63.671	49.705
1	0.81818	56.008	49.342
1	1	48.556	48.556
