-0.6	-0.6	-4654.6	-4654.6
-0.6	-0.59184	-4415.7	-4409.7
-0.6	-0.58334	-4183.8	-4172.1
-0.6	-0.57446	-3959	-3941.5
-0.6	-0.56522	-3741.1	-3718
-0.6	-0.55556	-3530.1	-3501.6
-0.6	-0.54546	-3326	-3292.2
-0.6	-0.53488	-3128.7	-3089.6
-0.6	-0.5238	-2938.2	-2894
-0.6	-0.5122	-2754.3	-2705.2
-0.6	-0.5	-2577.2	-2523.1
-0.6	-0.48718	-2406.6	-2347.8
-0.6	-0.47368	-2242.5	-2179.1
-0.6	-0.45946	-2085	-2017.1
-0.6	-0.44444	-1933.8	-1861.6
-0.6	-0.42858	-1789.1	-1712.5
-0.6	-0.41176	-1650.6	-1569.9
-0.6	-0.39394	-1518.3	-1433.6
-0.6	-0.375	-1392.2	-1303.6
-0.6	-0.35484	-1272.2	-1179.9
-0.6	-0.33334	-1158.3	-1062.2
-0.6	-0.31034	-1050.3	-950.69
-0.6	-0.28572	-948.12	-845.12
-0.6	-0.25926	-851.77	-745.47
-0.6	-0.23076	-761.13	-651.66
-0.6	-0.2	-676.12	-563.59
-0.6	-0.166666	-596.65	-481.18
-0.6	-0.130434	-522.63	-404.33
-0.6	-0.09091	-453.96	-332.96
-0.6	-0.04762	-390.54	-266.96
-0.6	0	-332.27	-206.23
-0.6	0.052632	-279.04	-150.66
-0.6	0.111112	-230.72	-100.12
-0.6	0.17647	-187.21	-54.508
-0.6	0.25	-148.37	-13.685
-0.6	0.33334	-114.06	22.484
-0.6	0.42858	-84.141	54.143
-0.6	0.53846	-58.456	81.449
-0.6	0.66666	-36.838	104.57
-0.6	0.81818	-19.106	123.68
-0.6	1	-5.0639	138.98
-0.59184	-0.6	-4527.6	-4533.7
-0.59184	-0.59184	-4294.8	-4294.8
-0.59184	-0.58334	-4068.9	-4063
-0.59184	-0.57446	-3849.8	-3838.1
-0.59184	-0.56522	-3637.6	-3620.1
-0.59184	-0.55556	-3432	-3409
-0.59184	-0.54546	-3233.2	-3204.7
-0.59184	-0.53488	-3041	-3007.2
-0.59184	-0.5238	-2855.5	-2816.5
-0.59184	-0.5122	-2676.4	-2632.3
-0.59184	-0.5	-2503.9	-2454.8
-0.59184	-0.48718	-2337.8	-2283.9
-0.59184	-0.47368	-2178.1	-2119.5
-0.59184	-0.45946	-2024.7	-1961.5
-0.59184	-0.44444	-1877.6	-1809.9
-0.59184	-0.42858	-1736.7	-1664.6
-0.59184	-0.41176	-1601.9	-1525.6
-0.59184	-0.39394	-1473.2	-1392.8
-0.59184	-0.375	-1350.5	-1266.2
-0.59184	-0.35484	-1233.8	-1145.6
-0.59184	-0.33334	-1122.9	-1031
-0.59184	-0.31034	-1017.8	-922.31
-0.59184	-0.28572	-918.52	-819.49
-0.59184	-0.25926	-824.84	-722.44
-0.59184	-0.23076	-736.74	-631.09
-0.59184	-0.2	-654.12	-545.35
-0.59184	-0.166666	-576.91	-465.14
-0.59184	-0.130434	-505	-390.35
-0.59184	-0.09091	-438.32	-320.91
-0.59184	-0.04762	-376.75	-256.71
-0.59184	0	-320.2	-197.65
-0.59184	0.052632	-268.56	-143.62
-0.59184	0.111112	-221.71	-94.51
-0.59184	0.17647	-179.55	-50.198
-0.59184	0.25	-141.93	-10.559
-0.59184	0.33334	-108.73	24.541
-0.59184	0.42858	-79.8	55.244
-0.59184	0.53846	-54.994	81.703
-0.59184	0.66666	-34.147	104.08
-0.59184	0.81818	-17.082	122.55
-0.59184	1	-3.6061	137.32
-0.58334	-0.6	-4401	-4413.3
-0.58334	-0.59184	-4174.3	-4180.4
-0.58334	-0.58334	-3954.4	-3954.4
-0.58334	-0.57446	-3741.1	-3735.1
-0.58334	-0.56522	-3534.4	-3522.7
-0.58334	-0.55556	-3334.3	-3316.9
-0.58334	-0.54546	-3140.8	-3117.8
-0.58334	-0.53488	-2953.7	-2925.3
-0.58334	-0.5238	-2773.1	-2739.3
-0.58334	-0.5122	-2598.9	-2559.9
-0.58334	-0.5	-2430.9	-2386.9
-0.58334	-0.48718	-2269.3	-2220.4
-0.58334	-0.47368	-2113.9	-2060.1
-0.58334	-0.45946	-1964.7	-1906.2
-0.58334	-0.44444	-1821.5	-1758.5
-0.58334	-0.42858	-1684.5	-1617
-0.58334	-0.41176	-1553.4	-1481.6
-0.58334	-0.39394	-1428.2	-1352.3
-0.58334	-0.375	-1308.9	-1228.9
-0.58334	-0.35484	-1195.5	-1111.5
-0.58334	-0.33334	-1087.7	-999.91
-0.58334	-0.31034	-985.58	-894.12
-0.58334	-0.28572	-889.06	-794.03
-0.58334	-0.25926	-798.05	-699.58
-0.58334	-0.23076	-712.47	-610.68
-0.58334	-0.2	-632.23	-527.26
-0.58334	-0.166666	-557.26	-449.23
-0.58334	-0.130434	-487.47	-376.5
-0.58334	-0.09091	-422.76	-308.97
-0.58334	-0.04762	-363.04	-246.56
-0.58334	0	-308.2	-189.16
-0.58334	0.052632	-258.15	-136.67
-0.58334	0.111112	-212.76	-88.973
-0.58334	0.17647	-171.93	-45.955
-0.58334	0.25	-135.53	-7.4925
-0.58334	0.33334	-103.43	26.546
-0.58334	0.42858	-75.493	56.299
-0.58334	0.53846	-51.563	81.917
-0.58334	0.66666	-31.483	103.56
-0.58334	0.81818	-15.08	121.4
-0.58334	1	-2.1661	135.63
-0.57446	-0.6	-4274.9	-4293.5
-0.57446	-0.59184	-4054.3	-4066.6
-0.57446	-0.58334	-3840.3	-3846.3
-0.57446	-0.57446	-3632.7	-3632.7
-0.57446	-0.56522	-3431.7	-3425.7
-0.57446	-0.55556	-3237	-3225.2
-0.57446	-0.54546	-3048.7	-3031.3
-0.57446	-0.53488	-2866.7	-2843.7
-0.57446	-0.5238	-2691	-2662.6
-0.57446	-0.5122	-2521.6	-2487.9
-0.57446	-0.5	-2358.3	-2319.4
-0.57446	-0.48718	-2201.1	-2157.2
-0.57446	-0.47368	-2050	-2001.1
-0.57446	-0.45946	-1904.9	-1851.3
-0.57446	-0.44444	-1765.8	-1707.5
-0.57446	-0.42858	-1632.5	-1569.7
-0.57446	-0.41176	-1505.1	-1437.9
-0.57446	-0.39394	-1383.5	-1312
-0.57446	-0.375	-1267.6	-1191.9
-0.57446	-0.35484	-1157.3	-1077.6
-0.57446	-0.33334	-1052.6	-969.06
-0.57446	-0.31034	-953.47	-866.12
-0.57446	-0.28572	-859.74	-768.76
-0.57446	-0.25926	-771.39	-676.89
-0.57446	-0.23076	-688.32	-590.43
-0.57446	-0.2	-610.46	-509.32
-0.57446	-0.166666	-537.72	-433.46
-0.57446	-0.130434	-470.03	-362.76
-0.57446	-0.09091	-407.29	-297.15
-0.57446	-0.04762	-349.4	-236.51
-0.57446	0	-296.27	-180.77
-0.57446	0.052632	-247.8	-129.8
-0.57446	0.111112	-203.87	-83.511
-0.57446	0.17647	-164.37	-41.779
-0.57446	0.25	-129.19	-4.4857
-0.57446	0.33334	-98.181	28.498
-0.57446	0.42858	-71.221	57.309
-0.57446	0.53846	-48.162	82.093
-0.57446	0.66666	-28.844	103.01
-0.57446	0.81818	-13.1	120.22
-0.57446	1	-0.74416	133.92
-0.56522	-0.6	-4149.3	-4174.3
-0.56522	-0.59184	-3934.7	-3953.3
-0.56522	-0.58334	-3726.6	-3738.8
-0.56522	-0.57446	-3524.8	-3530.8
-0.56522	-0.56522	-3329.3	-3329.3
-0.56522	-0.55556	-3140	-3134.1
-0.56522	-0.54546	-2957	-2945.2
-0.56522	-0.53488	-2780.1	-2762.7
-0.56522	-0.5238	-2609.3	-2586.3
-0.56522	-0.5122	-2444.6	-2416.2
-0.56522	-0.5	-2285.9	-2252.2
-0.56522	-0.48718	-2133.2	-2094.3
-0.56522	-0.47368	-1986.3	-1942.5
-0.56522	-0.45946	-1845.4	-1796.6
-0.56522	-0.44444	-1710.2	-1656.7
-0.56522	-0.42858	-1580.8	-1522.6
-0.56522	-0.41176	-1457	-1394.4
-0.56522	-0.39394	-1338.9	-1271.9
-0.56522	-0.375	-1226.4	-1155.2
-0.56522	-0.35484	-1119.4	-1044
-0.56522	-0.33334	-1017.7	-938.42
-0.56522	-0.31034	-921.51	-838.33
-0.56522	-0.28572	-830.57	-743.67
-0.56522	-0.25926	-744.85	-654.37
-0.56522	-0.23076	-664.29	-570.35
-0.56522	-0.2	-588.79	-491.52
-0.56522	-0.166666	-518.29	-417.82
-0.56522	-0.130434	-452.69	-349.15
-0.56522	-0.09091	-391.9	-285.43
-0.56522	-0.04762	-335.85	-226.57
-0.56522	0	-284.42	-172.47
-0.56522	0.052632	-237.51	-123.02
-0.56522	0.111112	-195.03	-78.127
-0.56522	0.17647	-156.86	-37.673
-0.56522	0.25	-122.88	-1.5402
-0.56522	0.33334	-92.969	30.397
-0.56522	0.42858	-66.986	58.272
-0.56522	0.53846	-44.791	82.228
-0.56522	0.66666	-26.232	102.42
-0.56522	0.81818	-11.142	119.01
-0.56522	1	0.65964	132.18
-0.55556	-0.6	-4024.1	-4055.7
-0.55556	-0.59184	-3815.6	-3840.7
-0.55556	-0.58334	-3613.3	-3631.9
-0.55556	-0.57446	-3417.2	-3429.5
-0.55556	-0.56522	-3227.3	-3233.3
-0.55556	-0.55556	-3043.4	-3043.4
-0.55556	-0.54546	-2865.6	-2859.6
-0.55556	-0.53488	-2693.8	-2682
-0.55556	-0.5238	-2527.9	-2510.5
-0.55556	-0.5122	-2367.9	-2345
-0.55556	-0.5	-2213.8	-2185.5
-0.55556	-0.48718	-2065.5	-2031.9
-0.55556	-0.47368	-1922.9	-1884.2
-0.55556	-0.45946	-1786.1	-1742.3
-0.55556	-0.44444	-1654.9	-1606.3
-0.55556	-0.42858	-1529.3	-1475.9
-0.55556	-0.41176	-1409.2	-1351.2
-0.55556	-0.39394	-1294.6	-1232.2
-0.55556	-0.375	-1185.4	-1118.6
-0.55556	-0.35484	-1081.6	-1010.6
-0.55556	-0.33334	-983.03	-908
-0.55556	-0.31034	-889.71	-810.75
-0.55556	-0.28572	-801.54	-718.78
-0.55556	-0.25926	-718.46	-632.03
-0.55556	-0.23076	-640.38	-550.42
-0.55556	-0.2	-567.24	-473.88
-0.55556	-0.166666	-498.96	-402.33
-0.55556	-0.130434	-435.44	-335.68
-0.55556	-0.09091	-376.61	-273.84
-0.55556	-0.04762	-322.37	-216.74
-0.55556	0	-272.63	-164.27
-0.55556	0.052632	-227.3	-116.33
-0.55556	0.111112	-186.26	-72.823
-0.55556	0.17647	-149.41	-33.637
-0.55556	0.25	-116.63	1.3427
-0.55556	0.33334	-87.798	32.24
-0.55556	0.42858	-62.786	59.187
-0.55556	0.53846	-41.452	82.321
-0.55556	0.66666	-23.646	101.79
-0.55556	0.81818	-9.2058	117.77
-0.55556	1	2.0451	130.42
-0.54546	-0.6	-3899.3	-3937.8
-0.54546	-0.59184	-3696.9	-3728.6
-0.54546	-0.58334	-3500.5	-3525.6
-0.54546	-0.57446	-3310.1	-3328.7
-0.54546	-0.56522	-3125.7	-3137.9
-0.54546	-0.55556	-2947.2	-2953.2
-0.54546	-0.54546	-2774.6	-2774.6
-0.54546	-0.53488	-2607.8	-2601.8
-0.54546	-0.5238	-2446.8	-2435.1
-0.54546	-0.5122	-2291.5	-2274.2
-0.54546	-0.5	-2142	-2119.1
-0.54546	-0.48718	-1998.1	-1969.8
-0.54546	-0.47368	-1859.8	-1826.2
-0.54546	-0.45946	-1727.1	-1688.4
-0.54546	-0.44444	-1599.8	-1556.1
-0.54546	-0.42858	-1478	-1429.5
-0.54546	-0.41176	-1361.5	-1308.3
-0.54546	-0.39394	-1250.4	-1192.7
-0.54546	-0.375	-1144.6	-1082.4
-0.54546	-0.35484	-1044	-977.46
-0.54546	-0.33334	-948.47	-877.81
-0.54546	-0.31034	-858.05	-783.37
-0.54546	-0.28572	-772.65	-694.08
-0.54546	-0.25926	-692.19	-609.87
-0.54546	-0.23076	-616.6	-530.67
-0.54546	-0.2	-545.81	-456.4
-0.54546	-0.166666	-479.73	-386.98
-0.54546	-0.130434	-418.29	-322.33
-0.54546	-0.09091	-361.4	-262.37
-0.54546	-0.04762	-308.98	-207.01
-0.54546	0	-260.93	-156.16
-0.54546	0.052632	-217.15	-109.73
-0.54546	0.111112	-177.54	-67.599
-0.54546	0.17647	-142.01	-29.674
-0.54546	0.25	-110.42	4.1615
-0.54546	0.33334	-82.669	34.028
-0.54546	0.42858	-58.622	60.052
-0.54546	0.53846	-38.144	82.372
-0.54546	0.66666	-21.087	101.13
-0.54546	0.81818	-7.2921	116.5
-0.54546	1	3.4122	128.63
-0.53488	-0.6	-3775.1	-3820.5
-0.53488	-0.59184	-3578.6	-3617.1
-0.53488	-0.58334	-3388.1	-3419.8
-0.53488	-0.57446	-3203.4	-3228.5
-0.53488	-0.56522	-3024.5	-3043.1
-0.53488	-0.55556	-2851.3	-2863.6
-0.53488	-0.54546	-2683.9	-2690
-0.53488	-0.53488	-2522.1	-2522.1
-0.53488	-0.5238	-2366	-2360.1
-0.53488	-0.5122	-2215.5	-2203.8
-0.53488	-0.5	-2070.5	-2053.1
-0.53488	-0.48718	-1931	-1908.1
-0.53488	-0.47368	-1796.9	-1768.7
-0.53488	-0.45946	-1668.3	-1634.8
-0.53488	-0.44444	-1545	-1506.4
-0.53488	-0.42858	-1426.9	-1383.4
-0.53488	-0.41176	-1314.1	-1265.7
-0.53488	-0.39394	-1206.5	-1153.4
-0.53488	-0.375	-1104	-1046.4
-0.53488	-0.35484	-1006.5	-944.55
-0.53488	-0.33334	-914.08	-847.85
-0.53488	-0.31034	-826.56	-756.21
-0.53488	-0.28572	-743.91	-669.59
-0.53488	-0.25926	-666.07	-587.9
-0.53488	-0.23076	-592.95	-511.09
-0.53488	-0.2	-524.49	-439.07
-0.53488	-0.166666	-460.62	-371.77
-0.53488	-0.130434	-401.24	-309.12
-0.53488	-0.09091	-346.29	-251.02
-0.53488	-0.04762	-295.67	-197.4
-0.53488	0	-249.29	-148.17
-0.53488	0.052632	-207.06	-103.22
-0.53488	0.111112	-168.89	-62.458
-0.53488	0.17647	-134.66	-25.785
-0.53488	0.25	-104.26	6.9149
-0.53488	0.33334	-77.581	35.757
-0.53488	0.42858	-54.495	60.868
-0.53488	0.53846	-34.867	82.38
-0.53488	0.66666	-18.554	100.44
-0.53488	0.81818	-5.4008	115.2
-0.53488	1	4.7608	126.82
-0.5238	-0.6	-3651.2	-3703.8
-0.5238	-0.59184	-3460.8	-3506.3
-0.5238	-0.58334	-3276.1	-3314.7
-0.5238	-0.57446	-3097	-3128.8
-0.5238	-0.56522	-2923.6	-2948.8
-0.5238	-0.55556	-2755.8	-2774.5
-0.5238	-0.54546	-2593.6	-2605.9
-0.5238	-0.53488	-2436.8	-2442.9
-0.5238	-0.5238	-2285.6	-2285.6
-0.5238	-0.5122	-2139.8	-2133.8
-0.5238	-0.5	-1999.3	-1987.6
-0.5238	-0.48718	-1864.2	-1846.8
-0.5238	-0.47368	-1734.4	-1711.5
-0.5238	-0.45946	-1609.8	-1581.5
-0.5238	-0.44444	-1490.4	-1456.9
-0.5238	-0.42858	-1376.1	-1337.6
-0.5238	-0.41176	-1266.9	-1223.5
-0.5238	-0.39394	-1162.7	-1114.5
-0.5238	-0.375	-1063.5	-1010.7
-0.5238	-0.35484	-969.28	-911.9
-0.5238	-0.33334	-879.85	-818.12
-0.5238	-0.31034	-795.22	-729.27
-0.5238	-0.28572	-715.32	-645.3
-0.5238	-0.25926	-640.07	-566.12
-0.5238	-0.23076	-569.42	-491.68
-0.5238	-0.2	-503.29	-421.91
-0.5238	-0.166666	-441.61	-356.72
-0.5238	-0.130434	-384.29	-296.05
-0.5238	-0.09091	-331.26	-239.8
-0.5238	-0.04762	-282.44	-187.91
-0.5238	0	-237.73	-140.27
-0.5238	0.052632	-197.05	-96.802
-0.5238	0.111112	-160.29	-57.402
-0.5238	0.17647	-127.36	-21.971
-0.5238	0.25	-98.148	9.6012
-0.5238	0.33334	-72.536	37.428
-0.5238	0.42858	-50.404	61.632
-0.5238	0.53846	-31.621	82.344
-0.5238	0.66666	-16.048	99.704
-0.5238	0.81818	-3.532	113.86
-0.5238	1	6.0907	124.99
-0.5122	-0.6	-3527.9	-3587.9
-0.5122	-0.59184	-3343.4	-3396.1
-0.5122	-0.58334	-3164.5	-3210.1
-0.5122	-0.57446	-2991.1	-3029.8
-0.5122	-0.56522	-2823.2	-2855
-0.5122	-0.55556	-2660.7	-2685.9
-0.5122	-0.54546	-2503.6	-2522.3
-0.5122	-0.53488	-2351.9	-2364.2
-0.5122	-0.5238	-2205.5	-2211.6
-0.5122	-0.5122	-2064.3	-2064.3
-0.5122	-0.5	-1928.4	-1922.5
-0.5122	-0.48718	-1797.6	-1785.9
-0.5122	-0.47368	-1672	-1654.7
-0.5122	-0.45946	-1551.5	-1528.7
-0.5122	-0.44444	-1436	-1407.8
-0.5122	-0.42858	-1325.5	-1292.1
-0.5122	-0.41176	-1219.9	-1181.5
-0.5122	-0.39394	-1119.2	-1075.9
-0.5122	-0.375	-1023.3	-975.23
-0.5122	-0.35484	-932.2	-879.5
-0.5122	-0.33334	-845.8	-788.63
-0.5122	-0.31034	-764.04	-702.56
-0.5122	-0.28572	-686.87	-621.21
-0.5122	-0.25926	-614.22	-544.54
-0.5122	-0.23076	-546.02	-472.46
-0.5122	-0.2	-482.21	-404.91
-0.5122	-0.166666	-422.7	-341.82
-0.5122	-0.130434	-367.44	-283.12
-0.5122	-0.09091	-316.33	-228.71
-0.5122	-0.04762	-269.29	-178.53
-0.5122	0	-226.25	-132.48
-0.5122	0.052632	-187.1	-90.483
-0.5122	0.111112	-151.76	-52.433
-0.5122	0.17647	-120.12	-18.234
-0.5122	0.25	-92.083	12.219
-0.5122	0.33334	-67.532	39.039
-0.5122	0.42858	-46.349	62.344
-0.5122	0.53846	-28.407	82.262
-0.5122	0.66666	-13.569	98.931
-0.5122	0.81818	-1.6859	112.5
-0.5122	1	7.4019	123.12
-0.5	-0.6	-3405	-3472.6
-0.5	-0.59184	-3226.5	-3286.6
-0.5	-0.58334	-3053.4	-3106.2
-0.5	-0.57446	-2885.6	-2931.3
-0.5	-0.56522	-2723.2	-2761.9
-0.5	-0.55556	-2566	-2597.9
-0.5	-0.54546	-2414.1	-2439.3
-0.5	-0.53488	-2267.3	-2286
-0.5	-0.5238	-2125.7	-2138
-0.5	-0.5122	-1989.2	-1995.3
-0.5	-0.5	-1857.8	-1857.8
-0.5	-0.48718	-1731.4	-1725.5
-0.5	-0.47368	-1610	-1598.3
-0.5	-0.45946	-1493.5	-1476.2
-0.5	-0.44444	-1381.9	-1359.1
-0.5	-0.42858	-1275.1	-1247
-0.5	-0.41176	-1173.1	-1139.8
-0.5	-0.39394	-1075.9	-1037.5
-0.5	-0.375	-983.27	-940.06
-0.5	-0.35484	-895.31	-847.37
-0.5	-0.33334	-811.91	-759.39
-0.5	-0.31034	-733.02	-676.07
-0.5	-0.28572	-658.57	-597.35
-0.5	-0.25926	-588.5	-523.15
-0.5	-0.23076	-522.75	-453.42
-0.5	-0.2	-461.24	-388.09
-0.5	-0.166666	-403.91	-327.08
-0.5	-0.130434	-350.68	-270.33
-0.5	-0.09091	-301.48	-217.75
-0.5	-0.04762	-256.23	-169.27
-0.5	0	-214.84	-124.81
-0.5	0.052632	-177.22	-84.264
-0.5	0.111112	-143.28	-47.553
-0.5	0.17647	-112.93	-14.577
-0.5	0.25	-86.066	14.766
-0.5	0.33334	-62.571	40.587
-0.5	0.42858	-42.332	63.002
-0.5	0.53846	-25.225	82.135
-0.5	0.66666	-11.116	98.119
-0.5	0.81818	0.13763	111.1
-0.5	1	8.6944	121.23
-0.48718	-0.6	-3282.6	-3358
-0.48718	-0.59184	-3110.1	-3177.8
-0.48718	-0.58334	-2942.7	-3003
-0.48718	-0.57446	-2780.6	-2833.5
-0.48718	-0.56522	-2623.5	-2669.3
-0.48718	-0.55556	-2471.7	-2510.4
-0.48718	-0.54546	-2324.8	-2356.8
-0.48718	-0.53488	-2183	-2208.3
-0.48718	-0.5238	-2046.3	-2065
-0.48718	-0.5122	-1914.4	-1926.7
-0.48718	-0.5	-1787.5	-1793.6
-0.48718	-0.48718	-1665.4	-1665.4
-0.48718	-0.47368	-1548.2	-1542.3
-0.48718	-0.45946	-1435.7	-1424
-0.48718	-0.44444	-1328	-1310.7
-0.48718	-0.42858	-1225	-1202.2
-0.48718	-0.41176	-1126.6	-1098.5
-0.48718	-0.39394	-1032.7	-999.48
-0.48718	-0.375	-943.42	-905.18
-0.48718	-0.35484	-858.6	-815.51
-0.48718	-0.33334	-778.19	-730.41
-0.48718	-0.31034	-702.15	-649.83
-0.48718	-0.28572	-630.41	-573.7
-0.48718	-0.25926	-562.92	-501.97
-0.48718	-0.23076	-499.6	-434.58
-0.48718	-0.2	-440.39	-371.44
-0.48718	-0.166666	-385.22	-312.51
-0.48718	-0.130434	-334.03	-257.69
-0.48718	-0.09091	-286.73	-206.93
-0.48718	-0.04762	-243.25	-160.14
-0.48718	0	-203.5	-117.24
-0.48718	0.052632	-167.41	-78.146
-0.48718	0.111112	-134.87	-42.764
-0.48718	0.17647	-105.8	-11.002
-0.48718	0.25	-80.097	17.242
-0.48718	0.33334	-57.651	42.073
-0.48718	0.42858	-38.351	63.605
-0.48718	0.53846	-22.074	81.959
-0.48718	0.66666	-8.6914	97.266
-0.48718	0.81818	1.9384	109.67
-0.48718	1	9.9682	119.31
-0.47368	-0.6	-3160.7	-3244.1
-0.47368	-0.59184	-2994	-3069.6
-0.47368	-0.58334	-2832.5	-2900.4
-0.47368	-0.57446	-2675.9	-2736.3
-0.47368	-0.56522	-2524.3	-2577.4
-0.47368	-0.55556	-2377.7	-2423.6
-0.47368	-0.54546	-2236	-2274.8
-0.47368	-0.53488	-2099.1	-2131.1
-0.47368	-0.5238	-1967.1	-1992.4
-0.47368	-0.5122	-1839.9	-1858.7
-0.47368	-0.5	-1717.5	-1729.8
-0.47368	-0.48718	-1599.8	-1605.8
-0.47368	-0.47368	-1486.7	-1486.7
-0.47368	-0.45946	-1378.2	-1372.3
-0.47368	-0.44444	-1274.4	-1262.7
-0.47368	-0.42858	-1175	-1157.8
-0.47368	-0.41176	-1080.2	-1057.5
-0.47368	-0.39394	-989.79	-961.76
-0.47368	-0.375	-903.76	-870.59
-0.47368	-0.35484	-822.07	-783.92
-0.47368	-0.33334	-744.64	-701.68
-0.47368	-0.31034	-671.44	-623.82
-0.47368	-0.28572	-602.41	-550.28
-0.47368	-0.25926	-537.47	-481
-0.47368	-0.23076	-476.57	-415.92
-0.47368	-0.2	-419.66	-354.98
-0.47368	-0.166666	-366.64	-298.1
-0.47368	-0.130434	-317.47	-245.21
-0.47368	-0.09091	-272.06	-196.25
-0.47368	-0.04762	-230.35	-151.14
-0.47368	0	-192.24	-109.79
-0.47368	0.052632	-157.66	-72.132
-0.47368	0.111112	-126.52	-38.068
-0.47368	0.17647	-98.723	-7.5092
-0.47368	0.25	-74.176	19.643
-0.47368	0.33334	-52.774	43.493
-0.47368	0.42858	-34.407	64.151
-0.47368	0.53846	-18.955	81.735
-0.47368	0.66666	-6.2933	96.371
-0.47368	0.81818	3.7166	108.2
-0.47368	1	11.223	117.36
-0.45946	-0.6	-3039.2	-3131
-0.45946	-0.59184	-2878.5	-2962.2
-0.45946	-0.58334	-2722.6	-2798.5
-0.45946	-0.57446	-2571.6	-2639.8
-0.45946	-0.56522	-2425.5	-2486.1
-0.45946	-0.55556	-2284.1	-2337.3
-0.45946	-0.54546	-2147.5	-2193.5
-0.45946	-0.53488	-2015.6	-2054.5
-0.45946	-0.5238	-1888.4	-1920.4
-0.45946	-0.5122	-1765.8	-1791.1
-0.45946	-0.5	-1647.8	-1666.5
-0.45946	-0.48718	-1534.4	-1546.7
-0.45946	-0.47368	-1425.4	-1431.5
-0.45946	-0.45946	-1321	-1321
-0.45946	-0.44444	-1221	-1215.1
-0.45946	-0.42858	-1125.4	-1113.7
-0.45946	-0.41176	-1034.1	-1016.8
-0.45946	-0.39394	-947.06	-924.35
-0.45946	-0.375	-864.3	-836.31
-0.45946	-0.35484	-785.71	-752.62
-0.45946	-0.33334	-711.26	-673.22
-0.45946	-0.31034	-640.89	-598.07
-0.45946	-0.28572	-574.54	-527.1
-0.45946	-0.25926	-512.16	-460.25
-0.45946	-0.23076	-453.68	-397.47
-0.45946	-0.2	-399.04	-338.69
-0.45946	-0.166666	-348.17	-283.85
-0.45946	-0.130434	-301.01	-232.88
-0.45946	-0.09091	-257.49	-185.71
-0.45946	-0.04762	-217.53	-142.26
-0.45946	0	-181.05	-102.46
-0.45946	0.052632	-147.98	-66.225
-0.45946	0.111112	-118.23	-33.469
-0.45946	0.17647	-91.698	-4.1025
-0.45946	0.25	-68.303	21.969
-0.45946	0.33334	-47.939	44.847
-0.45946	0.42858	-30.499	64.639
-0.45946	0.53846	-15.868	81.461
-0.45946	0.66666	-3.922	95.434
-0.45946	0.81818	5.4721	106.69
-0.45946	1	12.46	115.38
-0.44444	-0.6	-2918.2	-3018.6
-0.44444	-0.59184	-2763.4	-2855.5
-0.44444	-0.58334	-2613.2	-2697.3
-0.44444	-0.57446	-2467.8	-2543.9
-0.44444	-0.56522	-2327	-2395.4
-0.44444	-0.55556	-2190.9	-2251.7
-0.44444	-0.54546	-2059.3	-2112.7
-0.44444	-0.53488	-1932.4	-1978.5
-0.44444	-0.5238	-1809.9	-1848.9
-0.44444	-0.5122	-1691.9	-1724
-0.44444	-0.5	-1578.4	-1603.7
-0.44444	-0.48718	-1469.2	-1488
-0.44444	-0.47368	-1364.5	-1376.8
-0.44444	-0.45946	-1264	-1270.1
-0.44444	-0.44444	-1167.8	-1167.8
-0.44444	-0.42858	-1075.9	-1070
-0.44444	-0.41176	-988.15	-976.48
-0.44444	-0.39394	-904.54	-887.28
-0.44444	-0.375	-825.02	-802.34
-0.44444	-0.35484	-749.54	-721.61
-0.44444	-0.33334	-678.05	-645.04
-0.44444	-0.31034	-610.5	-572.57
-0.44444	-0.28572	-546.83	-504.15
-0.44444	-0.25926	-486.99	-439.72
-0.44444	-0.23076	-430.91	-379.23
-0.44444	-0.2	-378.54	-322.6
-0.44444	-0.166666	-329.81	-269.79
-0.44444	-0.130434	-284.65	-220.72
-0.44444	-0.09091	-243.01	-175.32
-0.44444	-0.04762	-204.8	-133.52
-0.44444	0	-169.94	-95.252
-0.44444	0.052632	-138.37	-60.428
-0.44444	0.111112	-109.99	-28.968
-0.44444	0.17647	-84.727	-0.78369
-0.44444	0.25	-62.477	24.217
-0.44444	0.33334	-43.146	46.133
-0.44444	0.42858	-26.628	65.068
-0.44444	0.53846	-12.812	81.135
-0.44444	0.66666	-1.5775	94.453
-0.44444	0.81818	7.2052	105.15
-0.44444	1	13.677	113.38
-0.42858	-0.6	-2797.7	-2907
-0.42858	-0.59184	-2648.7	-2749.5
-0.42858	-0.58334	-2504.3	-2596.8
-0.42858	-0.57446	-2364.4	-2448.7
-0.42858	-0.56522	-2229	-2305.4
-0.42858	-0.55556	-2098	-2166.6
-0.42858	-0.54546	-1971.6	-2032.5
-0.42858	-0.53488	-1849.5	-1903
-0.42858	-0.5238	-1731.8	-1778
-0.42858	-0.5122	-1618.4	-1657.5
-0.42858	-0.5	-1509.3	-1541.4
-0.42858	-0.48718	-1404.4	-1429.8
-0.42858	-0.47368	-1303.8	-1322.5
-0.42858	-0.45946	-1207.3	-1219.6
-0.42858	-0.44444	-1114.9	-1121
-0.42858	-0.42858	-1026.7	-1026.7
-0.42858	-0.41176	-942.45	-936.53
-0.42858	-0.39394	-862.21	-850.55
-0.42858	-0.375	-785.93	-768.69
-0.42858	-0.35484	-713.54	-690.9
-0.42858	-0.33334	-645	-617.13
-0.42858	-0.31034	-580.26	-547.33
-0.42858	-0.28572	-519.26	-481.45
-0.42858	-0.25926	-461.95	-419.42
-0.42858	-0.23076	-408.26	-361.19
-0.42858	-0.2	-358.15	-306.71
-0.42858	-0.166666	-311.55	-255.9
-0.42858	-0.130434	-268.39	-208.72
-0.42858	-0.09091	-228.61	-165.08
-0.42858	-0.04762	-192.14	-124.92
-0.42858	0	-158.9	-88.168
-0.42858	0.052632	-128.82	-54.744
-0.42858	0.111112	-101.82	-24.568
-0.42858	0.17647	-77.81	2.4448
-0.42858	0.25	-56.699	26.385
-0.42858	0.33334	-38.394	47.348
-0.42858	0.42858	-22.793	65.435
-0.42858	0.53846	-9.787	80.756
-0.42858	0.66666	0.7405	93.427
-0.42858	0.81818	8.916	103.57
-0.42858	1	14.877	111.34
-0.41176	-0.6	-2677.6	-2796.2
-0.41176	-0.59184	-2534.4	-2644.3
-0.41176	-0.58334	-2395.7	-2497
-0.41176	-0.57446	-2261.3	-2354.3
-0.41176	-0.56522	-2131.3	-2216
-0.41176	-0.55556	-2005.6	-2082.3
-0.41176	-0.54546	-1884.1	-1953
-0.41176	-0.53488	-1766.9	-1828.1
-0.41176	-0.5238	-1653.9	-1707.6
-0.41176	-0.5122	-1545.1	-1591.5
-0.41176	-0.5	-1440.4	-1479.6
-0.41176	-0.48718	-1339.9	-1372.1
-0.41176	-0.47368	-1243.3	-1268.7
-0.41176	-0.45946	-1150.8	-1169.6
-0.41176	-0.44444	-1062.3	-1074.6
-0.41176	-0.42858	-977.66	-983.75
-0.41176	-0.41176	-896.95	-896.95
-0.41176	-0.39394	-820.09	-814.17
-0.41176	-0.375	-747.02	-735.37
-0.41176	-0.35484	-677.72	-660.51
-0.41176	-0.33334	-612.12	-589.52
-0.41176	-0.31034	-550.17	-522.37
-0.41176	-0.28572	-491.83	-458.99
-0.41176	-0.25926	-437.04	-399.35
-0.41176	-0.23076	-385.74	-343.37
-0.41176	-0.2	-337.88	-291.01
-0.41176	-0.166666	-293.4	-242.2
-0.41176	-0.130434	-252.23	-196.89
-0.41176	-0.09091	-214.31	-154.99
-0.41176	-0.04762	-179.57	-116.46
-0.41176	0	-147.94	-81.212
-0.41176	0.052632	-119.35	-49.176
-0.41176	0.111112	-93.708	-20.273
-0.41176	0.17647	-70.944	5.5803
-0.41176	0.25	-50.967	28.47
-0.41176	0.33334	-33.683	48.491
-0.41176	0.42858	-18.993	65.74
-0.41176	0.53846	-6.7928	80.323
-0.41176	0.66666	3.0324	92.355
-0.41176	0.81818	10.605	101.96
-0.41176	1	16.058	109.26
-0.39394	-0.6	-2557.9	-2686.3
-0.39394	-0.59184	-2420.6	-2539.9
-0.39394	-0.58334	-2287.5	-2398
-0.39394	-0.57446	-2158.7	-2260.5
-0.39394	-0.56522	-2034	-2127.4
-0.39394	-0.55556	-1913.5	-1998.6
-0.39394	-0.54546	-1797.1	-1874.1
-0.39394	-0.53488	-1684.7	-1753.8
-0.39394	-0.5238	-1576.4	-1637.8
-0.39394	-0.5122	-1472.2	-1526
-0.39394	-0.5	-1371.9	-1418.4
-0.39394	-0.48718	-1275.6	-1314.9
-0.39394	-0.47368	-1183.1	-1215.4
-0.39394	-0.45946	-1094.6	-1120
-0.39394	-0.44444	-1009.8	-1028.6
-0.39394	-0.42858	-928.87	-941.24
-0.39394	-0.41176	-851.66	-857.75
-0.39394	-0.39394	-778.15	-778.15
-0.39394	-0.375	-708.3	-702.39
-0.39394	-0.35484	-642.07	-630.43
-0.39394	-0.33334	-579.39	-562.2
-0.39394	-0.31034	-520.23	-497.68
-0.39394	-0.28572	-464.54	-436.8
-0.39394	-0.25926	-412.26	-379.52
-0.39394	-0.23076	-363.34	-325.78
-0.39394	-0.2	-317.72	-275.52
-0.39394	-0.166666	-275.35	-228.69
-0.39394	-0.130434	-236.16	-185.23
-0.39394	-0.09091	-200.09	-145.07
-0.39394	-0.04762	-167.07	-108.15
-0.39394	0	-137.05	-74.389
-0.39394	0.052632	-109.93	-43.727
-0.39394	0.111112	-85.652	-16.084
-0.39394	0.17647	-64.13	8.6202
-0.39394	0.25	-45.28	30.471
-0.39394	0.33334	-29.012	49.559
-0.39394	0.42858	-15.229	65.979
-0.39394	0.53846	-3.8286	79.835
-0.39394	0.66666	5.2986	91.235
-0.39394	0.81818	12.272	100.3
-0.39394	1	17.221	107.16
-0.375	-0.6	-2438.7	-2577.2
-0.375	-0.59184	-2307.2	-2436.4
-0.375	-0.58334	-2179.8	-2299.8
-0.375	-0.57446	-2056.4	-2167.6
-0.375	-0.56522	-1937.1	-2039.5
-0.375	-0.55556	-1821.7	-1915.6
-0.375	-0.54546	-1710.3	-1795.8
-0.375	-0.53488	-1602.8	-1680.2
-0.375	-0.5238	-1499.3	-1568.7
-0.375	-0.5122	-1399.5	-1461.2
-0.375	-0.5	-1303.6	-1357.7
-0.375	-0.48718	-1211.5	-1258.2
-0.375	-0.47368	-1123.2	-1162.6
-0.375	-0.45946	-1038.6	-1070.9
-0.375	-0.44444	-957.61	-983.12
-0.375	-0.42858	-880.29	-899.14
-0.375	-0.41176	-806.57	-818.95
-0.375	-0.39394	-736.41	-742.51
-0.375	-0.375	-669.76	-669.76
-0.375	-0.35484	-606.58	-600.67
-0.375	-0.33334	-546.82	-535.19
-0.375	-0.31034	-490.44	-473.28
-0.375	-0.28572	-437.39	-414.88
-0.375	-0.25926	-387.61	-359.94
-0.375	-0.23076	-341.05	-308.42
-0.375	-0.2	-297.67	-260.25
-0.375	-0.166666	-257.39	-215.38
-0.375	-0.130434	-220.18	-173.76
-0.375	-0.09091	-185.95	-135.31
-0.375	-0.04762	-154.66	-99.982
-0.375	0	-126.22	-67.702
-0.375	0.052632	-100.58	-38.402
-0.375	0.111112	-77.653	-12.007
-0.375	0.17647	-57.367	11.561
-0.375	0.25	-39.638	32.385
-0.375	0.33334	-24.38	50.55
-0.375	0.42858	-11.498	66.152
-0.375	0.53846	-0.89389	79.288
-0.375	0.66666	7.5398	90.066
-0.375	0.81818	13.918	98.602
-0.375	1	18.367	105.02
-0.35484	-0.6	-2319.9	-2468.9
-0.35484	-0.59184	-2194.2	-2333.6
-0.35484	-0.58334	-2072.4	-2202.4
-0.35484	-0.57446	-1954.5	-2075.3
-0.35484	-0.56522	-1840.5	-1952.3
-0.35484	-0.55556	-1730.3	-1833.3
-0.35484	-0.54546	-1623.9	-1718.3
-0.35484	-0.53488	-1521.3	-1607.2
-0.35484	-0.5238	-1422.4	-1500.1
-0.35484	-0.5122	-1327.2	-1396.9
-0.35484	-0.5	-1235.7	-1297.5
-0.35484	-0.48718	-1147.8	-1202
-0.35484	-0.47368	-1063.5	-1110.3
-0.35484	-0.45946	-982.79	-1022.3
-0.35484	-0.44444	-905.61	-938.04
-0.35484	-0.42858	-831.92	-857.47
-0.35484	-0.41176	-761.68	-780.56
-0.35484	-0.39394	-694.85	-707.24
-0.35484	-0.375	-631.39	-637.49
-0.35484	-0.35484	-571.26	-571.26
-0.35484	-0.33334	-514.41	-508.5
-0.35484	-0.31034	-460.79	-449.17
-0.35484	-0.28572	-410.36	-393.23
-0.35484	-0.25926	-363.08	-340.62
-0.35484	-0.23076	-318.88	-291.29
-0.35484	-0.2	-277.72	-245.19
-0.35484	-0.166666	-239.54	-202.27
-0.35484	-0.130434	-204.29	-162.47
-0.35484	-0.09091	-171.9	-125.72
-0.35484	-0.04762	-142.31	-91.973
-0.35484	0	-115.46	-61.156
-0.35484	0.052632	-91.286	-33.203
-0.35484	0.111112	-69.708	-8.0428
-0.35484	0.17647	-50.652	14.401
-0.35484	0.25	-34.04	34.208
-0.35484	0.33334	-19.786	51.463
-0.35484	0.42858	-7.8006	66.255
-0.35484	0.53846	2.0124	78.682
-0.35484	0.66666	9.7568	88.847
-0.35484	0.81818	15.544	96.861
-0.35484	1	19.497	102.85
-0.33334	-0.6	-2201.6	-2361.6
-0.33334	-0.59184	-2081.6	-2231.8
-0.33334	-0.58334	-1965.4	-2105.9
-0.33334	-0.57446	-1853	-1983.9
-0.33334	-0.56522	-1744.3	-1865.9
-0.33334	-0.55556	-1639.2	-1751.7
-0.33334	-0.54546	-1537.8	-1641.4
-0.33334	-0.53488	-1440	-1534.9
-0.33334	-0.5238	-1345.7	-1432.2
-0.33334	-0.5122	-1255.1	-1333.2
-0.33334	-0.5	-1167.9	-1237.9
-0.33334	-0.48718	-1084.3	-1146.4
-0.33334	-0.47368	-1004	-1058.5
-0.33334	-0.45946	-927.24	-974.15
-0.33334	-0.44444	-853.82	-893.43
-0.33334	-0.42858	-783.74	-816.25
-0.33334	-0.41176	-716.97	-742.58
-0.33334	-0.39394	-653.47	-672.37
-0.33334	-0.375	-593.19	-605.59
-0.33334	-0.35484	-536.09	-542.19
-0.33334	-0.33334	-482.13	-482.13
-0.33334	-0.31034	-431.28	-425.37
-0.33334	-0.28572	-383.47	-371.87
-0.33334	-0.25926	-338.67	-321.56
-0.33334	-0.23076	-296.82	-274.41
-0.33334	-0.2	-257.87	-230.37
-0.33334	-0.166666	-221.78	-189.37
-0.33334	-0.130434	-188.48	-151.37
-0.33334	-0.09091	-157.92	-116.31
-0.33334	-0.04762	-130.04	-84.124
-0.33334	0	-104.77	-54.755
-0.33334	0.052632	-82.053	-28.136
-0.33334	0.111112	-61.815	-4.1966
-0.33334	0.17647	-43.984	17.136
-0.33334	0.25	-28.482	35.939
-0.33334	0.33334	-15.228	52.293
-0.33334	0.42858	-4.1347	66.288
-0.33334	0.53846	4.8914	78.015
-0.33334	0.66666	11.95	87.575
-0.33334	0.81818	17.151	95.076
-0.33334	1	20.61	100.64
-0.31034	-0.6	-2083.6	-2255.2
-0.31034	-0.59184	-1969.4	-2130.8
-0.31034	-0.58334	-1858.8	-2010.2
-0.31034	-0.57446	-1751.8	-1893.4
-0.31034	-0.56522	-1648.4	-1780.3
-0.31034	-0.55556	-1548.4	-1670.9
-0.31034	-0.54546	-1452	-1565.3
-0.31034	-0.53488	-1359	-1463.3
-0.31034	-0.5238	-1269.4	-1364.9
-0.31034	-0.5122	-1183.2	-1270.2
-0.31034	-0.5	-1100.4	-1179
-0.31034	-0.48718	-1021	-1091.3
-0.31034	-0.47368	-944.8	-1007.2
-0.31034	-0.45946	-871.9	-926.54
-0.31034	-0.44444	-802.23	-849.31
-0.31034	-0.42858	-735.75	-775.49
-0.31034	-0.41176	-672.44	-705.04
-0.31034	-0.39394	-612.25	-637.91
-0.31034	-0.375	-555.14	-574.07
-0.31034	-0.35484	-501.07	-513.49
-0.31034	-0.33334	-450	-456.11
-0.31034	-0.31034	-401.89	-401.89
-0.31034	-0.28572	-356.7	-350.8
-0.31034	-0.25926	-314.37	-302.78
-0.31034	-0.23076	-274.86	-257.79
-0.31034	-0.2	-238.12	-215.77
-0.31034	-0.166666	-204.11	-176.68
-0.31034	-0.130434	-172.76	-140.47
-0.31034	-0.09091	-144.02	-107.08
-0.31034	-0.04762	-117.83	-76.441
-0.31034	0	-94.14	-48.505
-0.31034	0.052632	-72.875	-23.204
-0.31034	0.111112	-53.972	-0.47201
-0.31034	0.17647	-37.36	19.762
-0.31034	0.25	-22.964	37.573
-0.31034	0.33334	-10.705	53.04
-0.31034	0.42858	-0.49877	66.247
-0.31034	0.53846	7.7446	77.284
-0.31034	0.66666	14.122	86.249
-0.31034	0.81818	18.739	93.245
-0.31034	1	21.707	98.387
-0.28572	-0.6	-1965.9	-2149.8
-0.28572	-0.59184	-1857.5	-2030.8
-0.28572	-0.58334	-1752.5	-1915.4
-0.28572	-0.57446	-1650.9	-1803.7
-0.28572	-0.56522	-1552.7	-1695.5
-0.28572	-0.55556	-1457.9	-1590.9
-0.28572	-0.54546	-1366.4	-1489.9
-0.28572	-0.53488	-1278.2	-1392.4
-0.28572	-0.5238	-1193.3	-1298.3
-0.28572	-0.5122	-1111.6	-1207.8
-0.28572	-0.5	-1033.2	-1120.6
-0.28572	-0.48718	-957.9	-1036.9
-0.28572	-0.47368	-885.76	-956.5
-0.28572	-0.45946	-816.75	-879.45
-0.28572	-0.44444	-750.82	-805.7
-0.28572	-0.42858	-687.94	-735.21
-0.28572	-0.41176	-628.07	-667.94
-0.28572	-0.39394	-571.18	-603.87
-0.28572	-0.375	-517.23	-542.96
-0.28572	-0.35484	-466.18	-485.15
-0.28572	-0.33334	-417.99	-430.43
-0.28572	-0.31034	-372.62	-378.73
-0.28572	-0.28572	-330.03	-330.03
-0.28572	-0.25926	-290.17	-284.28
-0.28572	-0.23076	-253	-241.42
-0.28572	-0.2	-218.46	-201.42
-0.28572	-0.166666	-186.52	-164.22
-0.28572	-0.130434	-157.11	-129.78
-0.28572	-0.09091	-130.19	-98.032
-0.28572	-0.04762	-105.69	-68.928
-0.28572	0	-83.565	-42.409
-0.28572	0.052632	-63.748	-18.412
-0.28572	0.111112	-46.175	3.1268
-0.28572	0.17647	-30.777	22.276
-0.28572	0.25	-17.482	39.108
-0.28572	0.33334	-6.2134	53.699
-0.28572	0.42858	3.1094	66.13
-0.28572	0.53846	10.574	76.488
-0.28572	0.66666	16.274	84.867
-0.28572	0.81818	20.309	91.368
-0.28572	1	22.791	96.1
-0.25926	-0.6	-1848.6	-2045.4
-0.25926	-0.59184	-1745.9	-1931.7
-0.25926	-0.58334	-1646.5	-1821.5
-0.25926	-0.57446	-1550.3	-1714.8
-0.25926	-0.56522	-1457.4	-1611.6
-0.25926	-0.55556	-1367.7	-1511.7
-0.25926	-0.54546	-1281.1	-1415.3
-0.25926	-0.53488	-1197.7	-1322.2
-0.25926	-0.5238	-1117.5	-1232.5
-0.25926	-0.5122	-1040.3	-1146.1
-0.25926	-0.5	-966.12	-1062.9
-0.25926	-0.48718	-895.02	-983.05
-0.25926	-0.47368	-826.91	-906.38
-0.25926	-0.45946	-761.78	-832.91
-0.25926	-0.44444	-699.58	-762.6
-0.25926	-0.42858	-640.28	-695.41
-0.25926	-0.41176	-583.85	-631.31
-0.25926	-0.39394	-530.26	-570.27
-0.25926	-0.375	-479.46	-512.25
-0.25926	-0.35484	-431.42	-457.21
-0.25926	-0.33334	-386.1	-405.11
-0.25926	-0.31034	-343.47	-355.91
-0.25926	-0.28572	-303.47	-309.58
-0.25926	-0.25926	-266.07	-266.07
-0.25926	-0.23076	-231.22	-225.33
-0.25926	-0.2	-198.88	-187.32
-0.25926	-0.166666	-169	-151.99
-0.25926	-0.130434	-141.53	-119.3
-0.25926	-0.09091	-116.41	-89.183
-0.25926	-0.04762	-93.604	-61.594
-0.25926	0	-73.042	-36.474
-0.25926	0.052632	-54.667	-13.766
-0.25926	0.111112	-38.419	6.5954
-0.25926	0.17647	-24.23	24.674
-0.25926	0.25	-12.032	40.54
-0.25926	0.33334	-1.7508	54.267
-0.25926	0.42858	6.6925	65.934
-0.25926	0.53846	13.381	75.624
-0.25926	0.66666	18.406	83.427
-0.25926	0.81818	21.864	89.442
-0.25926	1	23.862	93.773
-0.23076	-0.6	-1731.5	-1942.1
-0.23076	-0.59184	-1634.6	-1833.7
-0.23076	-0.58334	-1540.7	-1728.6
-0.23076	-0.57446	-1450	-1626.9
-0.23076	-0.56522	-1362.3	-1528.5
-0.23076	-0.55556	-1277.7	-1433.4
-0.23076	-0.54546	-1196.1	-1341.5
-0.23076	-0.53488	-1117.4	-1252.8
-0.23076	-0.5238	-1041.8	-1167.4
-0.23076	-0.5122	-969.06	-1085.1
-0.23076	-0.5	-899.24	-1005.9
-0.23076	-0.48718	-832.31	-929.84
-0.23076	-0.47368	-768.23	-856.87
-0.23076	-0.45946	-706.96	-786.95
-0.23076	-0.44444	-648.48	-720.04
-0.23076	-0.42858	-592.76	-656.13
-0.23076	-0.41176	-539.76	-595.17
-0.23076	-0.39394	-489.46	-537.13
-0.23076	-0.375	-441.8	-481.97
-0.23076	-0.35484	-396.77	-429.66
-0.23076	-0.33334	-354.31	-380.17
-0.23076	-0.31034	-314.4	-333.45
-0.23076	-0.28572	-276.99	-289.46
-0.23076	-0.25926	-242.05	-248.16
-0.23076	-0.23076	-209.52	-209.52
-0.23076	-0.2	-179.37	-173.48
-0.23076	-0.166666	-151.55	-140
-0.23076	-0.130434	-126	-109.04
-0.23076	-0.09091	-102.7	-80.535
-0.23076	-0.04762	-81.567	-54.443
-0.23076	0	-62.563	-30.706
-0.23076	0.052632	-45.627	-9.2693
-0.23076	0.111112	-30.699	9.929
-0.23076	0.17647	-17.717	26.952
-0.23076	0.25	-6.6115	41.866
-0.23076	0.33334	2.6867	54.742
-0.23076	0.42858	10.254	65.656
-0.23076	0.53846	16.17	74.689
-0.23076	0.66666	20.523	81.927
-0.23076	0.81818	23.406	87.465
-0.23076	1	24.921	91.404
-0.2	-0.6	-1614.7	-1839.8
-0.2	-0.59184	-1523.5	-1736.7
-0.2	-0.58334	-1435.2	-1636.7
-0.2	-0.57446	-1349.8	-1540
-0.2	-0.56522	-1267.4	-1446.4
-0.2	-0.55556	-1187.9	-1355.9
-0.2	-0.54546	-1111.2	-1268.5
-0.2	-0.53488	-1037.3	-1184.2
-0.2	-0.5238	-966.27	-1103
-0.2	-0.5122	-898.02	-1024.8
-0.2	-0.5	-832.51	-949.55
-0.2	-0.48718	-769.74	-877.29
-0.2	-0.47368	-709.67	-807.98
-0.2	-0.45946	-652.27	-741.57
-0.2	-0.44444	-597.5	-678.05
-0.2	-0.42858	-545.35	-617.38
-0.2	-0.41176	-495.78	-559.52
-0.2	-0.39394	-448.75	-504.45
-0.2	-0.375	-404.24	-452.13
-0.2	-0.35484	-362.2	-402.53
-0.2	-0.33334	-322.6	-355.61
-0.2	-0.31034	-285.41	-311.34
-0.2	-0.28572	-250.59	-269.67
-0.2	-0.25926	-218.09	-230.57
-0.2	-0.23076	-187.88	-194
-0.2	-0.2	-159.91	-159.91
-0.2	-0.166666	-134.14	-128.26
-0.2	-0.130434	-110.53	-99.007
-0.2	-0.09091	-89.022	-72.097
-0.2	-0.04762	-69.57	-47.482
-0.2	0	-52.12	-25.112
-0.2	0.052632	-36.62	-4.9294
-0.2	0.111112	-23.009	13.122
-0.2	0.17647	-11.229	29.104
-0.2	0.25	-1.2141	43.08
-0.2	0.33334	7.1037	55.119
-0.2	0.42858	13.797	65.294
-0.2	0.53846	18.944	73.681
-0.2	0.66666	22.627	80.365
-0.2	0.81818	24.937	85.436
-0.2	1	25.972	88.992
-0.166666	-0.6	-1498	-1738.6
-0.166666	-0.59184	-1412.5	-1640.7
-0.166666	-0.58334	-1329.8	-1545.9
-0.166666	-0.57446	-1249.8	-1454
-0.166666	-0.56522	-1172.6	-1365.2
-0.166666	-0.55556	-1098.2	-1279.3
-0.166666	-0.54546	-1026.4	-1196.5
-0.166666	-0.53488	-957.31	-1116.5
-0.166666	-0.5238	-890.88	-1039.4
-0.166666	-0.5122	-827.08	-965.25
-0.166666	-0.5	-765.89	-893.93
-0.166666	-0.48718	-707.27	-825.43
-0.166666	-0.47368	-651.2	-759.74
-0.166666	-0.45946	-597.66	-696.82
-0.166666	-0.44444	-546.61	-636.64
-0.166666	-0.42858	-498.02	-579.17
-0.166666	-0.41176	-451.87	-524.39
-0.166666	-0.39394	-408.12	-472.27
-0.166666	-0.375	-366.74	-422.76
-0.166666	-0.35484	-327.69	-375.84
-0.166666	-0.33334	-290.95	-331.47
-0.166666	-0.31034	-256.48	-289.61
-0.166666	-0.28572	-224.23	-250.24
-0.166666	-0.25926	-194.18	-213.31
-0.166666	-0.23076	-166.28	-178.79
-0.166666	-0.2	-140.5	-146.62
-0.166666	-0.166666	-116.78	-116.78
-0.166666	-0.130434	-95.091	-89.214
-0.166666	-0.09091	-75.38	-63.877
-0.166666	-0.04762	-57.601	-40.721
-0.166666	0	-41.704	-19.697
-0.166666	0.052632	-27.636	-0.75201
-0.166666	0.111112	-15.341	16.17
-0.166666	0.17647	-4.7604	31.126
-0.166666	0.25	4.1666	44.179
-0.166666	0.33334	11.506	55.395
-0.166666	0.42858	17.328	64.843
-0.166666	0.53846	21.706	72.597
-0.166666	0.66666	24.721	78.738
-0.166666	0.81818	26.46	83.353
-0.166666	1	27.016	86.535
-0.130434	-0.6	-1381.5	-1638.6
-0.130434	-0.59184	-1301.6	-1545.9
-0.130434	-0.58334	-1224.5	-1456.1
-0.130434	-0.57446	-1149.9	-1369.1
-0.130434	-0.56522	-1077.9	-1285
-0.130434	-0.55556	-1008.5	-1203.7
-0.130434	-0.54546	-941.69	-1125.3
-0.130434	-0.53488	-877.37	-1049.6
-0.130434	-0.5238	-815.55	-976.69
-0.130434	-0.5122	-756.21	-906.52
-0.130434	-0.5	-699.32	-839.06
-0.130434	-0.48718	-644.85	-774.29
-0.130434	-0.47368	-592.79	-712.18
-0.130434	-0.45946	-543.1	-652.7
-0.130434	-0.44444	-495.76	-595.84
-0.130434	-0.42858	-450.74	-541.55
-0.130434	-0.41176	-408	-489.81
-0.130434	-0.39394	-367.52	-440.59
-0.130434	-0.375	-329.28	-393.86
-0.130434	-0.35484	-293.22	-349.59
-0.130434	-0.33334	-259.33	-307.74
-0.130434	-0.31034	-227.57	-268.28
-0.130434	-0.28572	-197.91	-231.18
-0.130434	-0.25926	-170.3	-196.4
-0.130434	-0.23076	-144.71	-163.89
-0.130434	-0.2	-121.1	-133.63
-0.130434	-0.166666	-99.438	-105.57
-0.130434	-0.130434	-79.669	-79.669
-0.130434	-0.09091	-61.755	-55.883
-0.130434	-0.04762	-45.648	-34.166
-0.130434	0	-31.301	-14.47
-0.130434	0.052632	-18.664	3.256
-0.130434	0.111112	-7.6827	19.065
-0.130434	0.17647	1.6984	33.013
-0.130434	0.25	9.5386	45.159
-0.130434	0.33334	15.901	55.566
-0.130434	0.42858	20.851	64.3
-0.130434	0.53846	24.462	71.434
-0.130434	0.66666	26.81	77.044
-0.130434	0.81818	27.978	81.213
-0.130434	1	28.056	84.031
-0.09091	-0.6	-1264.9	-1539.9
-0.09091	-0.59184	-1190.8	-1452.3
-0.09091	-0.58334	-1119.1	-1367.4
-0.09091	-0.57446	-1050	-1285.3
-0.09091	-0.56522	-983.23	-1205.8
-0.09091	-0.55556	-918.91	-1129.1
-0.09091	-0.54546	-856.98	-1055
-0.09091	-0.53488	-797.42	-983.61
-0.09091	-0.5238	-740.21	-914.81
-0.09091	-0.5122	-685.32	-848.6
-0.09091	-0.5	-632.74	-784.97
-0.09091	-0.48718	-582.43	-723.88
-0.09091	-0.47368	-534.37	-665.32
-0.09091	-0.45946	-488.54	-609.26
-0.09091	-0.44444	-444.9	-555.67
-0.09091	-0.42858	-403.44	-504.52
-0.09091	-0.41176	-364.13	-455.79
-0.09091	-0.39394	-326.92	-409.45
-0.09091	-0.375	-291.81	-365.47
-0.09091	-0.35484	-258.75	-323.81
-0.09091	-0.33334	-227.71	-284.46
-0.09091	-0.31034	-198.67	-247.36
-0.09091	-0.28572	-171.58	-212.5
-0.09091	-0.25926	-146.41	-179.83
-0.09091	-0.23076	-123.14	-149.33
-0.09091	-0.2	-101.71	-120.94
-0.09091	-0.166666	-82.092	-94.641
-0.09091	-0.130434	-64.245	-70.384
-0.09091	-0.09091	-48.127	-48.127
-0.09091	-0.04762	-33.693	-27.827
-0.09091	0	-20.897	-9.4387
-0.09091	0.052632	-9.6907	7.0874
-0.09091	0.111112	-0.023393	21.802
-0.09091	0.17647	8.1586	34.758
-0.09091	0.25	14.912	46.013
-0.09091	0.33334	20.296	55.626
-0.09091	0.42858	24.376	63.662
-0.09091	0.53846	27.22	70.188
-0.09091	0.66666	28.9	75.279
-0.09091	0.81818	29.498	79.013
-0.09091	1	29.098	81.478
-0.04762	-0.6	-1148.2	-1442.4
-0.04762	-0.59184	-1079.8	-1359.9
-0.04762	-0.58334	-1013.7	-1279.9
-0.04762	-0.57446	-949.91	-1202.6
-0.04762	-0.56522	-888.41	-1127.8
-0.04762	-0.55556	-829.17	-1055.5
-0.04762	-0.54546	-772.16	-985.8
-0.04762	-0.53488	-717.37	-918.58
-0.04762	-0.5238	-664.77	-853.83
-0.04762	-0.5122	-614.35	-791.55
-0.04762	-0.5	-566.07	-731.7
-0.04762	-0.48718	-519.92	-674.26
-0.04762	-0.47368	-475.87	-619.2
-0.04762	-0.45946	-433.9	-566.51
-0.04762	-0.44444	-393.98	-516.16
-0.04762	-0.42858	-356.08	-468.12
-0.04762	-0.41176	-320.19	-422.36
-0.04762	-0.39394	-286.27	-378.87
-0.04762	-0.375	-254.29	-337.6
-0.04762	-0.35484	-224.22	-298.53
-0.04762	-0.33334	-196.04	-261.63
-0.04762	-0.31034	-169.71	-226.87
-0.04762	-0.28572	-145.21	-194.22
-0.04762	-0.25926	-122.49	-163.64
-0.04762	-0.23076	-101.52	-135.11
-0.04762	-0.2	-82.279	-108.57
-0.04762	-0.166666	-64.715	-84.007
-0.04762	-0.130434	-48.793	-61.369
-0.04762	-0.09091	-34.474	-40.618
-0.04762	-0.04762	-21.714	-21.714
-0.04762	0	-10.471	-4.6121
-0.04762	0.052632	-0.6982	10.734
-0.04762	0.111112	7.6532	24.373
-0.04762	0.17647	14.634	36.355
-0.04762	0.25	20.299	46.736
-0.04762	0.33334	24.704	55.571
-0.04762	0.42858	27.911	62.923
-0.04762	0.53846	29.986	68.856
-0.04762	0.66666	30.998	73.44
-0.04762	0.81818	31.023	76.752
-0.04762	1	30.144	78.874
0	-0.6	-1031.2	-1346.3
0	-0.59184	-968.49	-1268.7
0	-0.58334	-907.98	-1193.7
0	-0.57446	-849.6	-1121
0	-0.56522	-793.35	-1050.8
0	-0.55556	-739.2	-983.03
0	-0.54546	-687.12	-917.6
0	-0.53488	-637.11	-854.53
0	-0.5238	-589.14	-793.8
0	-0.5122	-543.18	-735.4
0	-0.5	-499.23	-679.28
0	-0.48718	-457.24	-625.45
0	-0.47368	-417.21	-573.86
0	-0.45946	-379.11	-524.5
0	-0.44444	-342.91	-477.35
0	-0.42858	-308.59	-432.38
0	-0.41176	-276.12	-389.56
0	-0.39394	-245.48	-348.87
0	-0.375	-216.65	-310.28
0	-0.35484	-189.58	-273.76
0	-0.33334	-164.27	-239.29
0	-0.31034	-140.66	-206.83
0	-0.28572	-118.75	-176.36
0	-0.25926	-98.481	-147.85
0	-0.23076	-79.837	-121.25
0	-0.2	-62.779	-96.54
0	-0.166666	-47.273	-73.681
0	-0.130434	-33.281	-52.637
0	-0.09091	-20.765	-33.369
0	-0.04762	-9.6855	-15.837
0	0	0	0
0	0.052632	8.3353	14.187
0	0.111112	15.366	26.77
0	0.17647	21.142	37.798
0	0.25	25.714	47.321
0	0.33334	29.137	55.396
0	0.42858	31.469	62.079
0	0.53846	32.772	67.433
0	0.66666	33.112	71.524
0	0.81818	32.563	74.426
0	1	31.202	76.216
0.052632	-0.6	-913.68	-1251.5
0.052632	-0.59184	-856.76	-1179
0.052632	-0.58334	-801.83	-1108.7
0.052632	-0.57446	-748.88	-1040.8
0.052632	-0.56522	-697.89	-975.08
0.052632	-0.55556	-648.84	-911.66
0.052632	-0.54546	-601.72	-850.49
0.052632	-0.53488	-556.5	-791.53
0.052632	-0.5238	-513.17	-734.77
0.052632	-0.5122	-471.7	-680.19
0.052632	-0.5	-432.08	-627.77
0.052632	-0.48718	-394.28	-577.49
0.052632	-0.47368	-358.28	-529.33
0.052632	-0.45946	-324.05	-483.26
0.052632	-0.44444	-291.59	-439.27
0.052632	-0.42858	-260.86	-397.32
0.052632	-0.41176	-231.83	-357.4
0.052632	-0.39394	-204.5	-319.48
0.052632	-0.375	-178.81	-283.53
0.052632	-0.35484	-154.77	-249.53
0.052632	-0.33334	-132.32	-217.45
0.052632	-0.31034	-111.46	-187.27
0.052632	-0.28572	-92.136	-158.95
0.052632	-0.25926	-74.335	-132.46
0.052632	-0.23076	-58.021	-107.77
0.052632	-0.2	-43.161	-84.858
0.052632	-0.166666	-29.722	-63.68
0.052632	-0.130434	-17.669	-44.204
0.052632	-0.09091	-6.9653	-26.393
0.052632	-0.04762	2.4267	-10.209
0.052632	0	10.547	4.387
0.052632	0.052632	17.437	17.437
0.052632	0.111112	23.141	28.985
0.052632	0.17647	27.705	39.077
0.052632	0.25	31.179	47.763
0.052632	0.33334	33.613	55.093
0.052632	0.42858	35.063	61.124
0.052632	0.53846	35.589	65.915
0.052632	0.66666	35.253	69.528
0.052632	0.81818	34.125	72.032
0.052632	1	32.278	73.502
0.111112	-0.6	-795.49	-1158.3
0.111112	-0.59184	-744.34	-1090.6
0.111112	-0.58334	-695.02	-1025.1
0.111112	-0.57446	-647.52	-961.79
0.111112	-0.56522	-601.83	-900.59
0.111112	-0.55556	-557.91	-841.5
0.111112	-0.54546	-515.77	-784.52
0.111112	-0.53488	-475.37	-729.62
0.111112	-0.5238	-436.7	-676.78
0.111112	-0.5122	-399.74	-625.98
0.111112	-0.5	-364.47	-577.21
0.111112	-0.48718	-330.88	-530.44
0.111112	-0.47368	-298.93	-485.66
0.111112	-0.45946	-268.61	-442.84
0.111112	-0.44444	-239.9	-401.96
0.111112	-0.42858	-212.78	-362.99
0.111112	-0.41176	-187.22	-325.93
0.111112	-0.39394	-163.2	-290.74
0.111112	-0.375	-140.69	-257.39
0.111112	-0.35484	-119.67	-225.87
0.111112	-0.33334	-100.12	-196.15
0.111112	-0.31034	-82.008	-168.2
0.111112	-0.28572	-65.304	-142
0.111112	-0.25926	-49.982	-117.5
0.111112	-0.23076	-36.012	-94.698
0.111112	-0.2	-23.364	-73.547
0.111112	-0.166666	-12.007	-54.02
0.111112	-0.130434	-1.9058	-36.083
0.111112	-0.09091	6.9726	-19.703
0.111112	-0.04762	14.664	-4.8418
0.111112	0	21.208	8.5369
0.111112	0.052632	26.642	20.473
0.111112	0.111112	31.008	31.008
0.111112	0.17647	34.351	40.186
0.111112	0.25	36.716	48.053
0.111112	0.33334	38.153	54.658
0.111112	0.42858	38.714	60.054
0.111112	0.53846	38.455	64.296
0.111112	0.66666	37.436	67.445
0.111112	0.81818	35.722	69.566
0.111112	1	33.383	70.729
0.17647	-0.6	-676.29	-1066.6
0.17647	-0.59184	-630.95	-1003.8
0.17647	-0.58334	-587.28	-942.98
0.17647	-0.57446	-545.27	-884.2
0.17647	-0.56522	-504.9	-827.42
0.17647	-0.55556	-466.16	-772.61
0.17647	-0.54546	-429.02	-719.76
0.17647	-0.53488	-393.48	-668.86
0.17647	-0.5238	-359.51	-619.89
0.17647	-0.5122	-327.1	-572.82
0.17647	-0.5	-296.22	-527.64
0.17647	-0.48718	-266.86	-484.34
0.17647	-0.47368	-239	-442.89
0.17647	-0.45946	-212.61	-403.26
0.17647	-0.44444	-187.69	-365.45
0.17647	-0.42858	-164.2	-329.43
0.17647	-0.41176	-142.13	-295.18
0.17647	-0.39394	-121.46	-262.68
0.17647	-0.375	-102.15	-231.9
0.17647	-0.35484	-84.192	-202.82
0.17647	-0.33334	-67.556	-175.41
0.17647	-0.31034	-52.218	-149.66
0.17647	-0.28572	-38.152	-125.53
0.17647	-0.25926	-25.332	-103
0.17647	-0.23076	-13.729	-82.045
0.17647	-0.2	-3.3136	-62.627
0.17647	-0.166666	5.943	-44.72
0.17647	-0.130434	14.072	-28.294
0.17647	-0.09091	21.107	-13.315
0.17647	-0.04762	27.082	0.24958
0.17647	0	32.031	12.437
0.17647	0.052632	35.993	23.283
0.17647	0.111112	39.007	32.828
0.17647	0.17647	41.114	41.114
0.17647	0.25	42.357	48.183
0.17647	0.33334	42.784	54.082
0.17647	0.42858	42.444	58.861
0.17647	0.53846	41.389	62.572
0.17647	0.66666	39.677	65.273
0.17647	0.81818	37.368	67.024
0.17647	1	34.529	67.893
0.25	-0.6	-555.68	-976.56
0.25	-0.59184	-516.2	-918.52
0.25	-0.58334	-478.24	-862.36
0.25	-0.57446	-441.77	-808.08
0.25	-0.56522	-406.79	-755.65
0.25	-0.55556	-373.26	-705.06
0.25	-0.54546	-341.19	-656.29
0.25	-0.53488	-310.55	-609.33
0.25	-0.5238	-281.33	-564.17
0.25	-0.5122	-253.5	-520.78
0.25	-0.5	-227.06	-479.14
0.25	-0.48718	-201.98	-439.25
0.25	-0.47368	-178.25	-401.07
0.25	-0.45946	-155.84	-364.6
0.25	-0.44444	-134.75	-329.81
0.25	-0.42858	-114.94	-296.68
0.25	-0.41176	-96.395	-265.2
0.25	-0.39394	-79.101	-235.34
0.25	-0.375	-63.033	-207.08
0.25	-0.35484	-48.167	-180.4
0.25	-0.33334	-34.482	-155.27
0.25	-0.31034	-21.955	-131.68
0.25	-0.28572	-10.559	-109.59
0.25	-0.25926	-0.27114	-88.987
0.25	-0.23076	8.936	-69.839
0.25	-0.2	17.089	-52.12
0.25	-0.166666	24.217	-35.802
0.25	-0.130434	30.349	-20.855
0.25	-0.09091	35.515	-7.2489
0.25	-0.04762	39.747	5.0488
0.25	0	43.08	16.071
0.25	0.052632	45.548	25.854
0.25	0.111112	47.188	34.434
0.25	0.17647	48.039	41.85
0.25	0.25	48.143	48.143
0.25	0.33334	47.542	53.357
0.25	0.42858	46.284	57.538
0.25	0.53846	44.419	60.736
0.25	0.66666	41.999	63.005
0.25	0.81818	39.082	64.402
0.25	1	35.731	64.991
0.33334	-0.6	-433.14	-888.29
0.33334	-0.59184	-399.61	-834.95
0.33334	-0.58334	-367.43	-783.36
0.33334	-0.57446	-336.58	-733.51
0.33334	-0.56522	-307.05	-685.37
0.33334	-0.55556	-278.82	-638.93
0.33334	-0.54546	-251.87	-594.18
0.33334	-0.53488	-226.2	-551.11
0.33334	-0.5238	-201.79	-509.69
0.33334	-0.5122	-178.62	-469.91
0.33334	-0.5	-156.68	-431.76
0.33334	-0.48718	-135.94	-395.22
0.33334	-0.47368	-116.39	-360.27
0.33334	-0.45946	-98.023	-326.9
0.33334	-0.44444	-80.808	-295.08
0.33334	-0.42858	-64.73	-264.79
0.33334	-0.41176	-49.771	-236.03
0.33334	-0.39394	-35.911	-208.77
0.33334	-0.375	-23.129	-182.98
0.33334	-0.35484	-11.406	-158.65
0.33334	-0.33334	-0.71854	-135.76
0.33334	-0.31034	8.9542	-114.29
0.33334	-0.28572	17.635	-94.2
0.33334	-0.25926	25.349	-75.483
0.33334	-0.23076	32.119	-58.11
0.33334	-0.2	37.972	-42.054
0.33334	-0.166666	42.933	-27.289
0.33334	-0.130434	47.031	-13.789
0.33334	-0.09091	50.294	-1.523
0.33334	-0.04762	52.752	9.5377
0.33334	0	54.436	19.425
0.33334	0.052632	55.38	28.171
0.33334	0.111112	55.618	35.812
0.33334	0.17647	55.187	42.383
0.33334	0.25	54.125	47.923
0.33334	0.33334	52.473	52.473
0.33334	0.42858	50.275	56.077
0.33334	0.53846	47.578	58.781
0.33334	0.66666	44.431	60.636
0.33334	0.81818	40.889	61.696
0.33334	1	37.01	62.018
0.42858	-0.6	-308.02	-801.9
0.42858	-0.59184	-280.54	-753.19
0.42858	-0.58334	-254.24	-706.1
0.42858	-0.57446	-229.1	-660.6
0.42858	-0.56522	-205.12	-616.68
0.42858	-0.55556	-182.27	-574.32
0.42858	-0.54546	-160.55	-533.53
0.42858	-0.53488	-139.94	-494.27
0.42858	-0.5238	-120.43	-456.54
0.42858	-0.5122	-102	-420.31
0.42858	-0.5	-84.634	-385.59
0.42858	-0.48718	-68.321	-352.34
0.42858	-0.47368	-53.044	-320.56
0.42858	-0.45946	-38.785	-290.22
0.42858	-0.44444	-25.527	-261.32
0.42858	-0.42858	-13.255	-233.83
0.42858	-0.41176	-1.9495	-207.73
0.42858	-0.39394	8.4074	-183.01
0.42858	-0.375	17.834	-159.65
0.42858	-0.35484	26.351	-137.63
0.42858	-0.33334	33.977	-116.93
0.42858	-0.31034	40.734	-97.525
0.42858	-0.28572	46.642	-79.398
0.42858	-0.25926	51.724	-62.527
0.42858	-0.23076	56.002	-46.888
0.42858	-0.2	59.501	-32.457
0.42858	-0.166666	62.246	-19.209
0.42858	-0.130434	64.261	-7.1192
0.42858	-0.09091	65.574	3.8396
0.42858	-0.04762	66.212	13.695
0.42858	0	66.206	22.478
0.42858	0.052632	65.586	30.217
0.42858	0.111112	64.383	36.946
0.42858	0.17647	62.634	42.699
0.42858	0.25	60.372	47.511
0.42858	0.33334	57.637	51.421
0.42858	0.42858	54.469	54.469
0.42858	0.53846	50.912	56.7
0.42858	0.66666	47.013	58.159
0.42858	0.81818	42.821	58.898
0.42858	1	38.393	58.971
0.53846	-0.6	-179.42	-717.51
0.53846	-0.59184	-158.12	-673.36
0.53846	-0.58334	-137.83	-630.68
0.53846	-0.57446	-118.54	-589.46
0.53846	-0.56522	-100.23	-549.69
0.53846	-0.55556	-82.901	-511.35
0.53846	-0.54546	-66.528	-474.43
0.53846	-0.53488	-51.101	-438.92
0.53846	-0.5238	-36.607	-404.8
0.53846	-0.5122	-23.032	-372.07
0.53846	-0.5	-10.362	-340.7
0.53846	-0.48718	1.4167	-310.68
0.53846	-0.47368	12.32	-282.01
0.53846	-0.45946	22.362	-254.65
0.53846	-0.44444	31.559	-228.6
0.53846	-0.42858	39.928	-203.84
0.53846	-0.41176	47.483	-180.36
0.53846	-0.39394	54.244	-158.13
0.53846	-0.375	60.226	-137.15
0.53846	-0.35484	65.447	-117.38
0.53846	-0.33334	69.928	-98.819
0.53846	-0.31034	73.686	-81.441
0.53846	-0.28572	76.741	-65.227
0.53846	-0.25926	79.115	-50.157
0.53846	-0.23076	80.828	-36.21
0.53846	-0.2	81.902	-23.362
0.53846	-0.166666	82.361	-11.592
0.53846	-0.130434	82.228	-0.87544
0.53846	-0.09091	81.528	8.8127
0.53846	-0.04762	80.288	17.498
0.53846	0	78.534	25.209
0.53846	0.052632	76.295	31.973
0.53846	0.111112	73.6	37.82
0.53846	0.17647	70.483	42.782
0.53846	0.25	66.976	46.893
0.53846	0.33334	63.114	50.187
0.53846	0.42858	58.936	52.703
0.53846	0.53846	54.482	54.482
0.53846	0.66666	49.795	55.566
0.53846	0.81818	44.922	56.003
0.53846	1	39.914	55.843
0.66666	-0.6	-46.107	-635.3
0.66666	-0.59184	-31.181	-595.61
0.66666	-0.58334	-17.09	-557.26
0.66666	-0.57446	-3.8243	-520.24
0.66666	-0.56522	8.6276	-484.53
0.66666	-0.55556	20.277	-450.12
0.66666	-0.54546	31.137	-417.01
0.66666	-0.53488	41.218	-385.17
0.66666	-0.5238	50.534	-354.6
0.66666	-0.5122	59.097	-325.28
0.66666	-0.5	66.92	-297.2
0.66666	-0.48718	74.017	-270.34
0.66666	-0.47368	80.4	-244.7
0.66666	-0.45946	86.085	-220.26
0.66666	-0.44444	91.085	-197.01
0.66666	-0.42858	95.415	-174.92
0.66666	-0.41176	99.092	-153.99
0.66666	-0.39394	102.13	-134.2
0.66666	-0.375	104.54	-115.53
0.66666	-0.35484	106.35	-97.963
0.66666	-0.33334	107.57	-81.489
0.66666	-0.31034	108.22	-66.086
0.66666	-0.28572	108.32	-51.735
0.66666	-0.25926	107.88	-38.419
0.66666	-0.23076	106.93	-26.117
0.66666	-0.2	105.48	-14.809
0.66666	-0.166666	103.56	-4.4743
0.66666	-0.130434	101.19	4.91
0.66666	-0.09091	98.394	13.366
0.66666	-0.04762	95.193	20.919
0.66666	0	91.614	27.593
0.66666	0.052632	87.683	33.415
0.66666	0.111112	83.427	38.413
0.66666	0.17647	78.876	42.615
0.66666	0.25	74.062	46.053
0.66666	0.33334	69.015	48.759
0.66666	0.42858	63.772	50.768
0.66666	0.53846	58.37	52.118
0.66666	0.66666	52.848	52.848
0.66666	0.81818	47.251	53.003
0.66666	1	41.624	52.628
0.81818	-0.6	93.599	-555.43
0.81818	-0.59184	101.9	-520.12
0.81818	-0.58334	109.55	-486.01
0.81818	-0.57446	116.54	-453.09
0.81818	-0.56522	122.9	-421.36
0.81818	-0.55556	128.64	-390.8
0.81818	-0.54546	133.76	-361.4
0.81818	-0.53488	138.27	-333.16
0.81818	-0.5238	142.19	-306.05
0.81818	-0.5122	145.53	-280.06
0.81818	-0.5	148.3	-255.2
0.81818	-0.48718	150.51	-231.43
0.81818	-0.47368	152.18	-208.76
0.81818	-0.45946	153.31	-187.16
0.81818	-0.44444	153.93	-166.63
0.81818	-0.42858	154.04	-147.15
0.81818	-0.41176	153.66	-128.71
0.81818	-0.39394	152.8	-111.28
0.81818	-0.375	151.48	-94.87
0.81818	-0.35484	149.72	-79.449
0.81818	-0.33334	147.52	-65.004
0.81818	-0.31034	144.91	-51.52
0.81818	-0.28572	141.9	-38.979
0.81818	-0.25926	138.51	-27.365
0.81818	-0.23076	134.75	-16.659
0.81818	-0.2	130.66	-6.8433
0.81818	-0.166666	126.23	2.1027
0.81818	-0.130434	121.51	10.199
0.81818	-0.09091	116.5	17.466
0.81818	-0.04762	111.23	23.926
0.81818	0	105.72	29.602
0.81818	0.052632	99.995	34.519
0.81818	0.111112	94.083	38.702
0.81818	0.17647	88.009	42.176
0.81818	0.25	81.802	44.972
0.81818	0.33334	75.492	47.119
0.81818	0.42858	69.11	48.648
0.81818	0.53846	62.69	49.595
0.81818	0.66666	56.27	49.995
0.81818	0.81818	49.889	49.889
0.81818	1	43.59	49.319
1	-0.6	242.11	-478.12
1	-0.59184	243.44	-447.08
1	-0.58334	244.3	-417.11
1	-0.57446	244.69	-388.21
1	-0.56522	244.63	-360.36
1	-0.55556	244.13	-333.55
1	-0.54546	243.19	-307.78
1	-0.53488	241.83	-283.04
1	-0.5238	240.06	-259.3
1	-0.5122	237.88	-236.57
1	-0.5	235.31	-214.84
1	-0.48718	232.36	-194.08
1	-0.47368	229.04	-174.29
1	-0.45946	225.36	-155.46
1	-0.44444	221.33	-137.58
1	-0.42858	216.97	-120.63
1	-0.41176	212.3	-104.61
1	-0.39394	207.31	-89.487
1	-0.375	202.03	-75.262
1	-0.35484	196.46	-61.919
1	-0.33334	190.64	-49.441
1	-0.31034	184.56	-37.816
1	-0.28572	178.24	-27.027
1	-0.25926	171.7	-17.058
1	-0.23076	164.96	-7.8943
1	-0.2	158.03	0.4825
1	-0.166666	150.94	8.0897
1	-0.130434	143.69	14.946
1	-0.09091	136.31	21.069
1	-0.04762	128.81	26.481
1	0	121.23	31.202
1	0.052632	113.58	35.253
1	0.111112	105.88	38.658
1	0.17647	98.16	41.442
1	0.25	90.445	43.63
1	0.33334	82.761	45.249
1	0.42858	75.137	46.328
1	0.53846	67.606	46.899
1	0.66666	60.199	46.995
1	0.81818	52.954	46.652
1	1	45.908	45.908
