-0.6	-0.6	-4386.1	-4386.1
-0.6	-0.59184	-4161	-4155.4
-0.6	-0.58334	-3942.5	-3931.4
-0.6	-0.57446	-3730.7	-3714.2
-0.6	-0.56522	-3525.3	-3503.6
-0.6	-0.55556	-3326.5	-3299.7
-0.6	-0.54546	-3134.2	-3102.3
-0.6	-0.53488	-2948.3	-2911.4
-0.6	-0.5238	-2768.7	-2727.1
-0.6	-0.5122	-2595.5	-2549.2
-0.6	-0.5	-2428.5	-2377.6
-0.6	-0.48718	-2267.8	-2212.4
-0.6	-0.47368	-2113.2	-2053.5
-0.6	-0.45946	-1964.7	-1900.8
-0.6	-0.44444	-1822.3	-1754.2
-0.6	-0.42858	-1685.9	-1613.8
-0.6	-0.41176	-1555.4	-1479.4
-0.6	-0.39394	-1430.8	-1350.9
-0.6	-0.375	-1311.9	-1228.5
-0.6	-0.35484	-1198.9	-1111.8
-0.6	-0.33334	-1091.5	-1001
-0.6	-0.31034	-989.69	-895.86
-0.6	-0.28572	-893.44	-796.38
-0.6	-0.25926	-802.64	-702.48
-0.6	-0.23076	-717.23	-614.07
-0.6	-0.2	-637.13	-531.08
-0.6	-0.166666	-562.24	-453.43
-0.6	-0.130434	-492.49	-381.01
-0.6	-0.09091	-427.78	-313.76
-0.6	-0.04762	-368.02	-251.57
-0.6	0	-313.11	-194.34
-0.6	0.052632	-262.94	-141.97
-0.6	0.111112	-217.42	-94.348
-0.6	0.17647	-176.41	-51.364
-0.6	0.25	-139.81	-12.896
-0.6	0.33334	-107.48	21.187
-0.6	0.42858	-79.288	51.02
-0.6	0.53846	-55.085	76.751
-0.6	0.66666	-34.713	98.537
-0.6	0.81818	-18.004	116.55
-0.6	1	-4.7719	130.97
-0.59184	-0.6	-4266.5	-4272.2
-0.59184	-0.59184	-4047.1	-4047.1
-0.59184	-0.58334	-3834.2	-3828.6
-0.59184	-0.57446	-3627.8	-3616.7
-0.59184	-0.56522	-3427.8	-3411.3
-0.59184	-0.55556	-3234.1	-3212.4
-0.59184	-0.54546	-3046.8	-3019.9
-0.59184	-0.53488	-2865.7	-2833.8
-0.59184	-0.5238	-2690.8	-2654
-0.59184	-0.5122	-2522.1	-2480.5
-0.59184	-0.5	-2359.5	-2313.3
-0.59184	-0.48718	-2203	-2152.2
-0.59184	-0.47368	-2052.5	-1997.2
-0.59184	-0.45946	-1907.9	-1848.4
-0.59184	-0.44444	-1769.3	-1705.5
-0.59184	-0.42858	-1636.5	-1568.6
-0.59184	-0.41176	-1509.5	-1437.6
-0.59184	-0.39394	-1388.2	-1312.5
-0.59184	-0.375	-1272.6	-1193.1
-0.59184	-0.35484	-1162.6	-1079.5
-0.59184	-0.33334	-1058.1	-971.51
-0.59184	-0.31034	-959.14	-869.11
-0.59184	-0.28572	-865.54	-772.22
-0.59184	-0.25926	-777.27	-680.78
-0.59184	-0.23076	-694.25	-594.69
-0.59184	-0.2	-616.4	-513.9
-0.59184	-0.166666	-543.63	-438.31
-0.59184	-0.130434	-475.88	-367.84
-0.59184	-0.09091	-413.04	-302.4
-0.59184	-0.04762	-355.02	-241.91
-0.59184	0	-301.73	-186.25
-0.59184	0.052632	-253.07	-135.34
-0.59184	0.111112	-208.93	-89.059
-0.59184	0.17647	-169.19	-47.303
-0.59184	0.25	-133.74	-9.9503
-0.59184	0.33334	-102.46	23.125
-0.59184	0.42858	-75.197	52.058
-0.59184	0.53846	-51.823	76.99
-0.59184	0.66666	-32.178	98.078
-0.59184	0.81818	-16.097	115.49
-0.59184	1	-3.3981	129.4
-0.58334	-0.6	-4147.2	-4158.8
-0.58334	-0.59184	-3933.6	-3939.3
-0.58334	-0.58334	-3726.3	-3726.3
-0.58334	-0.57446	-3525.3	-3519.7
-0.58334	-0.56522	-3330.6	-3319.5
-0.58334	-0.55556	-3142	-3125.6
-0.58334	-0.54546	-2959.6	-2938
-0.58334	-0.53488	-2783.4	-2756.6
-0.58334	-0.5238	-2613.2	-2581.3
-0.58334	-0.5122	-2449	-2412.3
-0.58334	-0.5	-2290.7	-2249.3
-0.58334	-0.48718	-2138.4	-2092.3
-0.58334	-0.47368	-1992	-1941.3
-0.58334	-0.45946	-1851.4	-1796.3
-0.58334	-0.44444	-1716.5	-1657.1
-0.58334	-0.42858	-1587.3	-1523.8
-0.58334	-0.41176	-1463.8	-1396.2
-0.58334	-0.39394	-1345.9	-1274.3
-0.58334	-0.375	-1233.5	-1158
-0.58334	-0.35484	-1126.5	-1047.4
-0.58334	-0.33334	-1025	-942.24
-0.58334	-0.31034	-928.74	-842.55
-0.58334	-0.28572	-837.79	-748.24
-0.58334	-0.25926	-752.02	-659.23
-0.58334	-0.23076	-671.38	-575.46
-0.58334	-0.2	-595.77	-496.85
-0.58334	-0.166666	-525.12	-423.32
-0.58334	-0.130434	-459.35	-354.78
-0.58334	-0.09091	-398.38	-291.15
-0.58334	-0.04762	-342.1	-232.34
-0.58334	0	-290.42	-178.25
-0.58334	0.052632	-243.26	-128.79
-0.58334	0.111112	-200.49	-83.841
-0.58334	0.17647	-162.02	-43.305
-0.58334	0.25	-127.72	-7.0604
-0.58334	0.33334	-97.468	25.015
-0.58334	0.42858	-71.139	53.052
-0.58334	0.53846	-48.589	77.193
-0.58334	0.66666	-29.667	97.588
-0.58334	0.81818	-14.21	114.4
-0.58334	1	-2.0412	127.81
-0.57446	-0.6	-4028.4	-4045.9
-0.57446	-0.59184	-3820.5	-3832
-0.57446	-0.58334	-3618.8	-3624.5
-0.57446	-0.57446	-3423.2	-3423.2
-0.57446	-0.56522	-3233.7	-3228.1
-0.57446	-0.55556	-3050.3	-3039.2
-0.57446	-0.54546	-2872.9	-2856.4
-0.57446	-0.53488	-2701.4	-2679.7
-0.57446	-0.5238	-2535.8	-2509.1
-0.57446	-0.5122	-2376.1	-2344.4
-0.57446	-0.5	-2222.3	-2185.6
-0.57446	-0.48718	-2074.1	-2032.8
-0.57446	-0.47368	-1931.8	-1885.7
-0.57446	-0.45946	-1795	-1744.5
-0.57446	-0.44444	-1663.9	-1609
-0.57446	-0.42858	-1538.4	-1479.2
-0.57446	-0.41176	-1418.3	-1354.9
-0.57446	-0.39394	-1303.7	-1236.3
-0.57446	-0.375	-1194.5	-1123.2
-0.57446	-0.35484	-1090.6	-1015.5
-0.57446	-0.33334	-991.93	-913.17
-0.57446	-0.31034	-898.48	-816.17
-0.57446	-0.28572	-810.16	-724.42
-0.57446	-0.25926	-726.9	-637.85
-0.57446	-0.23076	-648.62	-556.38
-0.57446	-0.2	-575.25	-479.94
-0.57446	-0.166666	-506.71	-408.46
-0.57446	-0.130434	-442.92	-341.84
-0.57446	-0.09091	-383.8	-280.01
-0.57446	-0.04762	-329.25	-222.87
-0.57446	0	-279.18	-170.34
-0.57446	0.052632	-233.51	-122.32
-0.57446	0.111112	-192.11	-78.695
-0.57446	0.17647	-154.89	-39.37
-0.57446	0.25	-121.73	-4.227
-0.57446	0.33334	-92.518	26.855
-0.57446	0.42858	-67.114	54.004
-0.57446	0.53846	-45.384	77.358
-0.57446	0.66666	-27.181	97.066
-0.57446	0.81818	-12.344	113.29
-0.57446	1	-0.70124	126.19
-0.56522	-0.6	-3910	-3933.6
-0.56522	-0.59184	-3707.8	-3725.3
-0.56522	-0.58334	-3511.7	-3523.2
-0.56522	-0.57446	-3321.5	-3327.2
-0.56522	-0.56522	-3137.3	-3137.3
-0.56522	-0.55556	-2958.9	-2953.3
-0.56522	-0.54546	-2786.4	-2775.4
-0.56522	-0.53488	-2619.7	-2603.3
-0.56522	-0.5238	-2458.8	-2437.2
-0.56522	-0.5122	-2303.6	-2276.9
-0.56522	-0.5	-2154	-2122.3
-0.56522	-0.48718	-2010.1	-1973.5
-0.56522	-0.47368	-1871.8	-1830.5
-0.56522	-0.45946	-1738.9	-1693
-0.56522	-0.44444	-1611.6	-1561.2
-0.56522	-0.42858	-1489.6	-1434.8
-0.56522	-0.41176	-1373	-1314
-0.56522	-0.39394	-1261.7	-1198.6
-0.56522	-0.375	-1155.7	-1088.5
-0.56522	-0.35484	-1054.8	-983.79
-0.56522	-0.33334	-959.05	-884.3
-0.56522	-0.31034	-868.36	-789.98
-0.56522	-0.28572	-782.67	-700.78
-0.56522	-0.25926	-701.9	-616.63
-0.56522	-0.23076	-625.98	-537.45
-0.56522	-0.2	-554.83	-463.17
-0.56522	-0.166666	-488.4	-393.72
-0.56522	-0.130434	-426.58	-329.02
-0.56522	-0.09091	-369.3	-268.97
-0.56522	-0.04762	-316.48	-213.5
-0.56522	0	-268.01	-162.52
-0.56522	0.052632	-223.82	-115.93
-0.56522	0.111112	-183.79	-73.621
-0.56522	0.17647	-147.82	-35.5
-0.56522	0.25	-115.8	-1.4514
-0.56522	0.33334	-87.607	28.644
-0.56522	0.42858	-63.122	54.911
-0.56522	0.53846	-42.208	77.485
-0.56522	0.66666	-24.719	96.511
-0.56522	0.81818	-10.499	112.14
-0.56522	1	0.62159	124.56
-0.55556	-0.6	-3792	-3821.8
-0.55556	-0.59184	-3595.5	-3619.2
-0.55556	-0.58334	-3404.9	-3422.5
-0.55556	-0.57446	-3220.1	-3231.7
-0.55556	-0.56522	-3041.1	-3046.9
-0.55556	-0.55556	-2867.9	-2867.9
-0.55556	-0.54546	-2700.3	-2694.7
-0.55556	-0.53488	-2538.4	-2527.3
-0.55556	-0.5238	-2382.1	-2365.7
-0.55556	-0.5122	-2231.3	-2209.7
-0.55556	-0.5	-2086.1	-2059.4
-0.55556	-0.48718	-1946.4	-1914.7
-0.55556	-0.47368	-1812	-1775.5
-0.55556	-0.45946	-1683.1	-1641.8
-0.55556	-0.44444	-1559.4	-1513.6
-0.55556	-0.42858	-1441.1	-1390.8
-0.55556	-0.41176	-1327.9	-1273.3
-0.55556	-0.39394	-1219.9	-1161.1
-0.55556	-0.375	-1117	-1054.1
-0.55556	-0.35484	-1019.2	-952.33
-0.55556	-0.33334	-926.33	-855.63
-0.55556	-0.31034	-838.39	-763.99
-0.55556	-0.28572	-755.31	-677.33
-0.55556	-0.25926	-677.02	-595.58
-0.55556	-0.23076	-603.45	-518.68
-0.55556	-0.2	-534.53	-446.55
-0.55556	-0.166666	-470.18	-379.12
-0.55556	-0.130434	-410.33	-316.32
-0.55556	-0.09091	-354.89	-258.05
-0.55556	-0.04762	-303.78	-204.24
-0.55556	0	-256.91	-154.79
-0.55556	0.052632	-214.19	-109.62
-0.55556	0.111112	-175.52	-68.623
-0.55556	0.17647	-140.79	-31.697
-0.55556	0.25	-109.9	1.2652
-0.55556	0.33334	-82.734	30.381
-0.55556	0.42858	-59.165	55.773
-0.55556	0.53846	-39.061	77.573
-0.55556	0.66666	-22.282	95.923
-0.55556	0.81818	-8.6749	110.98
-0.55556	1	1.9272	122.9
-0.54546	-0.6	-3674.4	-3710.7
-0.54546	-0.59184	-3483.7	-3513.6
-0.54546	-0.58334	-3298.6	-3322.2
-0.54546	-0.57446	-3119.2	-3136.7
-0.54546	-0.56522	-2945.4	-2957
-0.54546	-0.55556	-2777.2	-2782.9
-0.54546	-0.54546	-2614.5	-2614.5
-0.54546	-0.53488	-2457.4	-2451.8
-0.54546	-0.5238	-2305.7	-2294.6
-0.54546	-0.5122	-2159.4	-2143
-0.54546	-0.5	-2018.5	-1996.9
-0.54546	-0.48718	-1882.9	-1856.2
-0.54546	-0.47368	-1752.5	-1720.9
-0.54546	-0.45946	-1627.4	-1591
-0.54546	-0.44444	-1507.5	-1466.4
-0.54546	-0.42858	-1392.7	-1347
-0.54546	-0.41176	-1283	-1232.9
-0.54546	-0.39394	-1178.3	-1123.9
-0.54546	-0.375	-1078.6	-1020
-0.54546	-0.35484	-983.75	-921.09
-0.54546	-0.33334	-893.77	-827.18
-0.54546	-0.31034	-808.57	-738.19
-0.54546	-0.28572	-728.09	-654.05
-0.54546	-0.25926	-652.27	-574.7
-0.54546	-0.23076	-581.04	-500.06
-0.54546	-0.2	-514.33	-430.07
-0.54546	-0.166666	-452.06	-364.66
-0.54546	-0.130434	-394.17	-303.74
-0.54546	-0.09091	-340.56	-247.24
-0.54546	-0.04762	-291.16	-195.07
-0.54546	0	-245.88	-147.16
-0.54546	0.052632	-204.62	-103.4
-0.54546	0.111112	-167.3	-63.7
-0.54546	0.17647	-133.82	-27.963
-0.54546	0.25	-104.05	3.9215
-0.54546	0.33334	-77.901	32.065
-0.54546	0.42858	-55.241	56.589
-0.54546	0.53846	-35.944	77.622
-0.54546	0.66666	-19.87	95.302
-0.54546	0.81818	-6.8715	109.78
-0.54546	1	3.2154	121.22
-0.53488	-0.6	-3557.3	-3600.1
-0.53488	-0.59184	-3372.2	-3408.5
-0.53488	-0.58334	-3192.7	-3222.6
-0.53488	-0.57446	-3018.6	-3042.3
-0.53488	-0.56522	-2850	-2867.6
-0.53488	-0.55556	-2686.9	-2698.4
-0.53488	-0.54546	-2529.1	-2534.8
-0.53488	-0.53488	-2376.7	-2376.7
-0.53488	-0.5238	-2229.6	-2224
-0.53488	-0.5122	-2087.7	-2076.7
-0.53488	-0.5	-1951.1	-1934.7
-0.53488	-0.48718	-1819.6	-1798.1
-0.53488	-0.47368	-1693.3	-1666.7
-0.53488	-0.45946	-1572.1	-1540.5
-0.53488	-0.44444	-1455.8	-1419.5
-0.53488	-0.42858	-1344.6	-1303.6
-0.53488	-0.41176	-1238.3	-1192.7
-0.53488	-0.39394	-1136.9	-1086.9
-0.53488	-0.375	-1040.3	-986.05
-0.53488	-0.35484	-948.48	-890.08
-0.53488	-0.33334	-861.36	-798.95
-0.53488	-0.31034	-778.89	-712.6
-0.53488	-0.28572	-701.01	-630.97
-0.53488	-0.25926	-627.65	-554
-0.53488	-0.23076	-558.75	-481.61
-0.53488	-0.2	-494.24	-413.75
-0.53488	-0.166666	-434.05	-350.33
-0.53488	-0.130434	-378.1	-291.29
-0.53488	-0.09091	-326.32	-236.55
-0.53488	-0.04762	-278.61	-186.02
-0.53488	0	-234.91	-139.62
-0.53488	0.052632	-195.12	-97.264
-0.53488	0.111112	-159.15	-58.856
-0.53488	0.17647	-126.89	-24.297
-0.53488	0.25	-98.247	6.5161
-0.53488	0.33334	-73.107	33.695
-0.53488	0.42858	-51.352	57.357
-0.53488	0.53846	-32.856	77.629
-0.53488	0.66666	-17.484	94.645
-0.53488	0.81818	-5.0893	108.55
-0.53488	1	4.4862	119.51
-0.5238	-0.6	-3440.7	-3490.2
-0.5238	-0.59184	-3261.2	-3304.1
-0.5238	-0.58334	-3087.1	-3123.5
-0.5238	-0.57446	-2918.4	-2948.4
-0.5238	-0.56522	-2755	-2778.7
-0.5238	-0.55556	-2596.9	-2614.5
-0.5238	-0.54546	-2444	-2455.6
-0.5238	-0.53488	-2296.3	-2302
-0.5238	-0.5238	-2153.8	-2153.8
-0.5238	-0.5122	-2016.3	-2010.8
-0.5238	-0.5	-1884	-1872.9
-0.5238	-0.48718	-1756.7	-1740.3
-0.5238	-0.47368	-1634.3	-1612.8
-0.5238	-0.45946	-1516.9	-1490.3
-0.5238	-0.44444	-1404.4	-1372.9
-0.5238	-0.42858	-1296.7	-1260.4
-0.5238	-0.41176	-1193.8	-1152.9
-0.5238	-0.39394	-1095.7	-1050.2
-0.5238	-0.375	-1002.2	-952.39
-0.5238	-0.35484	-913.37	-859.31
-0.5238	-0.33334	-829.11	-770.94
-0.5238	-0.31034	-749.36	-687.21
-0.5238	-0.28572	-674.06	-608.08
-0.5238	-0.25926	-603.16	-533.47
-0.5238	-0.23076	-536.58	-463.33
-0.5238	-0.2	-474.26	-397.57
-0.5238	-0.166666	-416.14	-336.15
-0.5238	-0.130434	-362.13	-278.97
-0.5238	-0.09091	-312.16	-225.97
-0.5238	-0.04762	-266.15	-177.07
-0.5238	0	-224.02	-132.18
-0.5238	0.052632	-185.68	-91.219
-0.5238	0.111112	-151.05	-54.092
-0.5238	0.17647	-120.02	-20.704
-0.5238	0.25	-92.487	9.0475
-0.5238	0.33334	-68.352	35.27
-0.5238	0.42858	-47.497	58.078
-0.5238	0.53846	-29.797	77.595
-0.5238	0.66666	-15.122	93.953
-0.5238	0.81818	-3.3283	107.3
-0.5238	1	5.7394	117.78
-0.5122	-0.6	-3324.4	-3380.9
-0.5122	-0.59184	-3150.6	-3200.3
-0.5122	-0.58334	-2982	-3025
-0.5122	-0.57446	-2818.6	-2855
-0.5122	-0.56522	-2660.4	-2690.4
-0.5122	-0.55556	-2507.3	-2531
-0.5122	-0.54546	-2359.2	-2376.8
-0.5122	-0.53488	-2216.3	-2227.8
-0.5122	-0.5238	-2078.3	-2084
-0.5122	-0.5122	-1945.3	-1945.3
-0.5122	-0.5	-1817.2	-1811.6
-0.5122	-0.48718	-1694	-1682.9
-0.5122	-0.47368	-1575.6	-1559.2
-0.5122	-0.45946	-1462	-1440.5
-0.5122	-0.44444	-1353.2	-1326.6
-0.5122	-0.42858	-1249	-1217.6
-0.5122	-0.41176	-1149.5	-1113.3
-0.5122	-0.39394	-1054.6	-1013.8
-0.5122	-0.375	-964.3	-918.98
-0.5122	-0.35484	-878.44	-828.78
-0.5122	-0.33334	-797.02	-743.15
-0.5122	-0.31034	-719.98	-662.04
-0.5122	-0.28572	-647.26	-585.39
-0.5122	-0.25926	-578.79	-513.13
-0.5122	-0.23076	-514.53	-445.21
-0.5122	-0.2	-454.4	-381.56
-0.5122	-0.166666	-398.32	-322.11
-0.5122	-0.130434	-346.24	-266.79
-0.5122	-0.09091	-298.08	-215.52
-0.5122	-0.04762	-253.76	-168.23
-0.5122	0	-213.2	-124.84
-0.5122	0.052632	-176.31	-85.265
-0.5122	0.111112	-143.01	-49.409
-0.5122	0.17647	-113.19	-17.183
-0.5122	0.25	-86.772	11.514
-0.5122	0.33334	-63.637	36.787
-0.5122	0.42858	-43.676	58.748
-0.5122	0.53846	-26.769	77.518
-0.5122	0.66666	-12.786	93.225
-0.5122	0.81818	-1.5886	106.01
-0.5122	1	6.975	116.02
-0.5	-0.6	-3208.7	-3272.3
-0.5	-0.59184	-3040.4	-3097.1
-0.5	-0.58334	-2877.3	-2927.1
-0.5	-0.57446	-2719.2	-2762.3
-0.5	-0.56522	-2566.1	-2602.6
-0.5	-0.55556	-2418	-2448.1
-0.5	-0.54546	-2274.8	-2298.6
-0.5	-0.53488	-2136.5	-2154.1
-0.5	-0.5238	-2003.1	-2014.7
-0.5	-0.5122	-1874.5	-1880.2
-0.5	-0.5	-1750.6	-1750.6
-0.5	-0.48718	-1631.5	-1626
-0.5	-0.47368	-1517.1	-1506.1
-0.5	-0.45946	-1407.4	-1391
-0.5	-0.44444	-1302.2	-1280.7
-0.5	-0.42858	-1201.6	-1175.1
-0.5	-0.41176	-1105.5	-1074.1
-0.5	-0.39394	-1013.8	-977.68
-0.5	-0.375	-926.56	-885.84
-0.5	-0.35484	-843.67	-798.5
-0.5	-0.33334	-765.09	-715.6
-0.5	-0.31034	-690.74	-637.08
-0.5	-0.28572	-620.59	-562.9
-0.5	-0.25926	-554.56	-492.98
-0.5	-0.23076	-492.6	-427.27
-0.5	-0.2	-434.64	-365.71
-0.5	-0.166666	-380.61	-308.22
-0.5	-0.130434	-330.46	-254.74
-0.5	-0.09091	-284.09	-205.2
-0.5	-0.04762	-241.45	-159.51
-0.5	0	-202.44	-117.61
-0.5	0.052632	-167	-79.404
-0.5	0.111112	-135.02	-44.81
-0.5	0.17647	-106.42	-13.737
-0.5	0.25	-81.102	13.915
-0.5	0.33334	-58.962	38.247
-0.5	0.42858	-39.89	59.368
-0.5	0.53846	-23.77	77.398
-0.5	0.66666	-10.475	92.46
-0.5	0.81818	0.12969	104.69
-0.5	1	8.193	114.24
-0.48718	-0.6	-3093.3	-3164.3
-0.48718	-0.59184	-2930.7	-2994.5
-0.48718	-0.58334	-2773	-2829.8
-0.48718	-0.57446	-2620.2	-2670.1
-0.48718	-0.56522	-2472.2	-2515.4
-0.48718	-0.55556	-2329.1	-2365.6
-0.48718	-0.54546	-2190.8	-2220.8
-0.48718	-0.53488	-2057.1	-2080.9
-0.48718	-0.5238	-1928.2	-1945.9
-0.48718	-0.5122	-1804	-1815.6
-0.48718	-0.5	-1684.4	-1690.1
-0.48718	-0.48718	-1569.4	-1569.4
-0.48718	-0.47368	-1458.9	-1453.3
-0.48718	-0.45946	-1352.9	-1341.9
-0.48718	-0.44444	-1251.4	-1235.1
-0.48718	-0.42858	-1154.3	-1132.9
-0.48718	-0.41176	-1061.6	-1035.1
-0.48718	-0.39394	-973.16	-941.84
-0.48718	-0.375	-889.01	-852.97
-0.48718	-0.35484	-809.08	-768.47
-0.48718	-0.33334	-733.31	-688.28
-0.48718	-0.31034	-661.66	-612.35
-0.48718	-0.28572	-594.06	-540.62
-0.48718	-0.25926	-530.45	-473.02
-0.48718	-0.23076	-470.78	-409.51
-0.48718	-0.2	-414.99	-350.02
-0.48718	-0.166666	-363	-294.48
-0.48718	-0.130434	-314.76	-242.83
-0.48718	-0.09091	-270.19	-195
-0.48718	-0.04762	-229.22	-150.91
-0.48718	0	-191.76	-110.48
-0.48718	0.052632	-157.75	-73.639
-0.48718	0.111112	-127.09	-40.298
-0.48718	0.17647	-99.699	-10.367
-0.48718	0.25	-75.477	16.247
-0.48718	0.33334	-54.326	39.646
-0.48718	0.42858	-36.139	59.937
-0.48718	0.53846	-20.801	77.232
-0.48718	0.66666	-8.1901	91.656
-0.48718	0.81818	1.8266	103.34
-0.48718	1	9.3933	112.43
-0.47368	-0.6	-2978.4	-3057
-0.47368	-0.59184	-2821.4	-2892.6
-0.47368	-0.58334	-2669.1	-2733.1
-0.47368	-0.57446	-2521.6	-2578.5
-0.47368	-0.56522	-2378.7	-2428.7
-0.47368	-0.55556	-2240.6	-2283.8
-0.47368	-0.54546	-2107	-2143.6
-0.47368	-0.53488	-1978.1	-2008.2
-0.47368	-0.5238	-1853.7	-1877.5
-0.47368	-0.5122	-1733.8	-1751.5
-0.47368	-0.5	-1618.4	-1630
-0.47368	-0.48718	-1507.5	-1513.2
-0.47368	-0.47368	-1400.9	-1400.9
-0.47368	-0.45946	-1298.8	-1293.2
-0.47368	-0.44444	-1200.9	-1189.9
-0.47368	-0.42858	-1107.3	-1091
-0.47368	-0.41176	-1017.9	-996.47
-0.47368	-0.39394	-932.71	-906.29
-0.47368	-0.375	-851.64	-820.38
-0.47368	-0.35484	-774.65	-738.71
-0.47368	-0.33334	-701.7	-661.21
-0.47368	-0.31034	-632.72	-587.85
-0.47368	-0.28572	-567.66	-518.55
-0.47368	-0.25926	-506.47	-453.26
-0.47368	-0.23076	-449.09	-391.94
-0.47368	-0.2	-395.45	-334.5
-0.47368	-0.166666	-345.5	-280.9
-0.47368	-0.130434	-299.16	-231.07
-0.47368	-0.09091	-256.37	-184.93
-0.47368	-0.04762	-217.06	-142.42
-0.47368	0	-181.15	-103.46
-0.47368	0.052632	-148.57	-67.972
-0.47368	0.111112	-119.22	-35.873
-0.47368	0.17647	-93.029	-7.0761
-0.47368	0.25	-69.898	18.511
-0.47368	0.33334	-49.731	40.985
-0.47368	0.42858	-32.422	60.451
-0.47368	0.53846	-17.862	77.021
-0.47368	0.66666	-5.9303	90.813
-0.47368	0.81818	3.5022	101.96
-0.47368	1	10.576	110.59
-0.45946	-0.6	-2863.9	-2950.4
-0.45946	-0.59184	-2712.5	-2791.3
-0.45946	-0.58334	-2565.6	-2637.1
-0.45946	-0.57446	-2423.3	-2487.5
-0.45946	-0.56522	-2285.6	-2342.7
-0.45946	-0.55556	-2152.4	-2202.5
-0.45946	-0.54546	-2023.6	-2067
-0.45946	-0.53488	-1899.3	-1936
-0.45946	-0.5238	-1779.4	-1809.6
-0.45946	-0.5122	-1663.9	-1687.8
-0.45946	-0.5	-1552.7	-1570.4
-0.45946	-0.48718	-1445.9	-1457.5
-0.45946	-0.47368	-1343.2	-1349
-0.45946	-0.45946	-1244.8	-1244.8
-0.45946	-0.44444	-1150.6	-1145
-0.45946	-0.42858	-1060.5	-1049.5
-0.45946	-0.41176	-974.43	-958.15
-0.45946	-0.39394	-892.44	-871.04
-0.45946	-0.375	-814.45	-788.08
-0.45946	-0.35484	-740.4	-709.21
-0.45946	-0.33334	-670.24	-634.4
-0.45946	-0.31034	-603.93	-563.58
-0.45946	-0.28572	-541.41	-496.7
-0.45946	-0.25926	-482.62	-433.71
-0.45946	-0.23076	-427.51	-374.55
-0.45946	-0.2	-376.02	-319.16
-0.45946	-0.166666	-328.09	-267.48
-0.45946	-0.130434	-283.65	-219.45
-0.45946	-0.09091	-242.64	-175
-0.45946	-0.04762	-204.98	-134.06
-0.45946	0	-170.61	-96.552
-0.45946	0.052632	-139.45	-62.406
-0.45946	0.111112	-111.41	-31.539
-0.45946	0.17647	-86.41	-3.8659
-0.45946	0.25	-64.364	20.702
-0.45946	0.33334	-45.174	42.261
-0.45946	0.42858	-28.74	60.911
-0.45946	0.53846	-14.953	76.762
-0.45946	0.66666	-3.6958	89.93
-0.45946	0.81818	5.1565	100.54
-0.45946	1	11.741	108.73
-0.44444	-0.6	-2749.9	-2844.5
-0.44444	-0.59184	-2604	-2690.8
-0.44444	-0.58334	-2462.5	-2541.7
-0.44444	-0.57446	-2325.5	-2397.2
-0.44444	-0.56522	-2192.8	-2257.2
-0.44444	-0.55556	-2064.5	-2121.8
-0.44444	-0.54546	-1940.6	-1990.8
-0.44444	-0.53488	-1820.9	-1864.4
-0.44444	-0.5238	-1705.5	-1742.3
-0.44444	-0.5122	-1594.3	-1624.6
-0.44444	-0.5	-1487.3	-1511.2
-0.44444	-0.48718	-1384.5	-1402.2
-0.44444	-0.47368	-1285.8	-1297.4
-0.44444	-0.45946	-1191.1	-1196.9
-0.44444	-0.44444	-1100.5	-1100.5
-0.44444	-0.42858	-1013.9	-1008.3
-0.44444	-0.41176	-931.16	-920.16
-0.44444	-0.39394	-852.37	-836.11
-0.44444	-0.375	-777.44	-756.07
-0.44444	-0.35484	-706.31	-679.99
-0.44444	-0.33334	-638.94	-607.84
-0.44444	-0.31034	-575.29	-539.55
-0.44444	-0.28572	-515.29	-475.07
-0.44444	-0.25926	-458.9	-414.36
-0.44444	-0.23076	-406.06	-357.35
-0.44444	-0.2	-356.71	-304
-0.44444	-0.166666	-310.79	-254.23
-0.44444	-0.130434	-268.24	-207.99
-0.44444	-0.09091	-228.99	-165.21
-0.44444	-0.04762	-192.98	-125.82
-0.44444	0	-160.14	-89.758
-0.44444	0.052632	-130.39	-56.943
-0.44444	0.111112	-103.65	-27.297
-0.44444	0.17647	-79.841	-0.73849
-0.44444	0.25	-58.874	22.82
-0.44444	0.33334	-40.657	43.472
-0.44444	0.42858	-25.092	61.315
-0.44444	0.53846	-12.073	76.455
-0.44444	0.66666	-1.4865	89.006
-0.44444	0.81818	6.7896	99.089
-0.44444	1	12.888	106.84
-0.42858	-0.6	-2636.3	-2739.3
-0.42858	-0.59184	-2495.9	-2590.9
-0.42858	-0.58334	-2359.8	-2447
-0.42858	-0.57446	-2228	-2307.5
-0.42858	-0.56522	-2100.4	-2172.4
-0.42858	-0.55556	-1977	-2041.7
-0.42858	-0.54546	-1857.9	-1915.3
-0.42858	-0.53488	-1742.8	-1793.2
-0.42858	-0.5238	-1631.9	-1675.4
-0.42858	-0.5122	-1525	-1561.9
-0.42858	-0.5	-1422.2	-1452.5
-0.42858	-0.48718	-1323.4	-1347.3
-0.42858	-0.47368	-1228.6	-1246.3
-0.42858	-0.45946	-1137.7	-1149.3
-0.42858	-0.44444	-1050.6	-1056.4
-0.42858	-0.42858	-967.46	-967.46
-0.42858	-0.41176	-888.09	-882.52
-0.42858	-0.39394	-812.49	-801.5
-0.42858	-0.375	-740.6	-724.36
-0.42858	-0.35484	-672.39	-651.06
-0.42858	-0.33334	-607.8	-581.54
-0.42858	-0.31034	-546.79	-515.77
-0.42858	-0.28572	-489.31	-453.68
-0.42858	-0.25926	-435.3	-395.23
-0.42858	-0.23076	-384.72	-340.36
-0.42858	-0.2	-337.5	-289.02
-0.42858	-0.166666	-293.58	-241.14
-0.42858	-0.130434	-252.91	-196.68
-0.42858	-0.09091	-215.43	-155.56
-0.42858	-0.04762	-181.06	-117.72
-0.42858	0	-149.74	-83.083
-0.42858	0.052632	-121.39	-51.587
-0.42858	0.111112	-95.949	-23.151
-0.42858	0.17647	-73.322	2.3038
-0.42858	0.25	-53.429	24.863
-0.42858	0.33334	-36.18	44.617
-0.42858	0.42858	-21.478	61.661
-0.42858	0.53846	-9.2226	76.099
-0.42858	0.66666	0.6978	88.039
-0.42858	0.81818	8.4018	97.601
-0.42858	1	14.019	104.91
-0.41176	-0.6	-2523.2	-2634.9
-0.41176	-0.59184	-2388.3	-2491.8
-0.41176	-0.58334	-2257.5	-2353
-0.41176	-0.57446	-2130.9	-2218.5
-0.41176	-0.56522	-2008.4	-2088.2
-0.41176	-0.55556	-1889.9	-1962.2
-0.41176	-0.54546	-1775.5	-1840.3
-0.41176	-0.53488	-1665	-1722.7
-0.41176	-0.5238	-1558.6	-1609.1
-0.41176	-0.5122	-1456	-1499.7
-0.41176	-0.5	-1357.4	-1394.3
-0.41176	-0.48718	-1262.6	-1292.9
-0.41176	-0.47368	-1171.6	-1195.6
-0.41176	-0.45946	-1084.4	-1102.1
-0.41176	-0.44444	-1001	-1012.6
-0.41176	-0.42858	-921.28	-927.02
-0.41176	-0.41176	-845.22	-845.22
-0.41176	-0.39394	-772.79	-767.22
-0.41176	-0.375	-703.94	-692.96
-0.41176	-0.35484	-638.63	-622.41
-0.41176	-0.33334	-576.81	-555.52
-0.41176	-0.31034	-518.44	-492.24
-0.41176	-0.28572	-463.46	-432.52
-0.41176	-0.25926	-411.83	-376.32
-0.41176	-0.23076	-363.49	-323.57
-0.41176	-0.2	-318.39	-274.23
-0.41176	-0.166666	-276.48	-228.23
-0.41176	-0.130434	-237.68	-185.53
-0.41176	-0.09091	-201.95	-146.06
-0.41176	-0.04762	-169.21	-109.74
-0.41176	0	-139.41	-76.528
-0.41176	0.052632	-112.46	-46.34
-0.41176	0.111112	-88.303	-19.103
-0.41176	0.17647	-66.853	5.2585
-0.41176	0.25	-48.027	26.828
-0.41176	0.33334	-31.74	45.694
-0.41176	0.42858	-17.898	61.948
-0.41176	0.53846	-6.401	75.691
-0.41176	0.66666	2.8575	87.029
-0.41176	0.81818	9.9932	96.077
-0.41176	1	15.132	102.96
-0.39394	-0.6	-2410.4	-2531.3
-0.39394	-0.59184	-2281	-2393.4
-0.39394	-0.58334	-2155.6	-2259.7
-0.39394	-0.57446	-2034.2	-2130.2
-0.39394	-0.56522	-1916.7	-2004.7
-0.39394	-0.55556	-1803.1	-1883.3
-0.39394	-0.54546	-1693.4	-1766
-0.39394	-0.53488	-1587.6	-1652.7
-0.39394	-0.5238	-1485.5	-1543.4
-0.39394	-0.5122	-1387.3	-1438
-0.39394	-0.5	-1292.8	-1336.6
-0.39394	-0.48718	-1202	-1239
-0.39394	-0.47368	-1114.9	-1145.3
-0.39394	-0.45946	-1031.4	-1055.4
-0.39394	-0.44444	-951.58	-969.32
-0.39394	-0.42858	-875.3	-886.95
-0.39394	-0.41176	-802.54	-808.28
-0.39394	-0.39394	-733.27	-733.27
-0.39394	-0.375	-667.45	-661.88
-0.39394	-0.35484	-605.03	-594.07
-0.39394	-0.33334	-545.98	-529.78
-0.39394	-0.31034	-490.23	-468.98
-0.39394	-0.28572	-437.75	-411.61
-0.39394	-0.25926	-388.48	-357.63
-0.39394	-0.23076	-342.38	-306.99
-0.39394	-0.2	-299.4	-259.63
-0.39394	-0.166666	-259.47	-215.5
-0.39394	-0.130434	-222.54	-174.55
-0.39394	-0.09091	-188.55	-136.7
-0.39394	-0.04762	-157.44	-101.91
-0.39394	0	-129.14	-70.099
-0.39394	0.052632	-103.59	-41.205
-0.39394	0.111112	-80.712	-15.157
-0.39394	0.17647	-60.432	8.123
-0.39394	0.25	-42.669	28.714
-0.39394	0.33334	-27.339	46.701
-0.39394	0.42858	-14.35	62.174
-0.39394	0.53846	-3.6078	75.23
-0.39394	0.66666	4.993	85.973
-0.39394	0.81818	11.564	94.516
-0.39394	1	16.228	100.98
-0.375	-0.6	-2298.1	-2428.5
-0.375	-0.59184	-2174.2	-2295.8
-0.375	-0.58334	-2054.1	-2167.2
-0.375	-0.57446	-1937.8	-2042.5
-0.375	-0.56522	-1825.4	-1921.9
-0.375	-0.55556	-1716.6	-1805.1
-0.375	-0.54546	-1611.7	-1692.3
-0.375	-0.53488	-1510.4	-1583.3
-0.375	-0.5238	-1412.8	-1478.2
-0.375	-0.5122	-1318.8	-1376.9
-0.375	-0.5	-1228.5	-1279.4
-0.375	-0.48718	-1141.7	-1185.6
-0.375	-0.47368	-1058.4	-1095.5
-0.375	-0.45946	-978.66	-1009.2
-0.375	-0.44444	-902.38	-926.42
-0.375	-0.42858	-829.52	-847.28
-0.375	-0.41176	-760.05	-771.72
-0.375	-0.39394	-693.94	-699.68
-0.375	-0.375	-631.13	-631.13
-0.375	-0.35484	-571.6	-566.03
-0.375	-0.33334	-515.29	-504.33
-0.375	-0.31034	-462.16	-445.98
-0.375	-0.28572	-412.16	-390.95
-0.375	-0.25926	-365.25	-339.18
-0.375	-0.23076	-321.38	-290.63
-0.375	-0.2	-280.5	-245.24
-0.375	-0.166666	-242.55	-202.96
-0.375	-0.130434	-207.48	-163.73
-0.375	-0.09091	-175.23	-127.51
-0.375	-0.04762	-145.74	-94.215
-0.375	0	-118.94	-63.798
-0.375	0.052632	-94.777	-36.187
-0.375	0.111112	-73.174	-11.314
-0.375	0.17647	-54.058	10.895
-0.375	0.25	-37.352	30.517
-0.375	0.33334	-22.974	47.635
-0.375	0.42858	-10.835	62.336
-0.375	0.53846	-0.84234	74.715
-0.375	0.66666	7.105	84.872
-0.375	0.81818	13.116	92.915
-0.375	1	17.308	98.963
-0.35484	-0.6	-2186.1	-2326.5
-0.35484	-0.59184	-2067.7	-2199
-0.35484	-0.58334	-1952.9	-2075.4
-0.35484	-0.57446	-1841.8	-1955.7
-0.35484	-0.56522	-1734.3	-1839.7
-0.35484	-0.55556	-1630.5	-1727.6
-0.35484	-0.54546	-1530.2	-1619.2
-0.35484	-0.53488	-1433.5	-1514.5
-0.35484	-0.5238	-1340.3	-1413.6
-0.35484	-0.5122	-1250.6	-1316.3
-0.35484	-0.5	-1164.4	-1222.7
-0.35484	-0.48718	-1081.6	-1132.7
-0.35484	-0.47368	-1002.2	-1046.2
-0.35484	-0.45946	-926.11	-963.33
-0.35484	-0.44444	-853.38	-883.94
-0.35484	-0.42858	-783.94	-808.02
-0.35484	-0.41176	-717.75	-735.54
-0.35484	-0.39394	-654.78	-666.45
-0.35484	-0.375	-594.98	-600.72
-0.35484	-0.35484	-538.31	-538.31
-0.35484	-0.33334	-484.74	-479.17
-0.35484	-0.31034	-434.22	-423.27
-0.35484	-0.28572	-386.7	-370.55
-0.35484	-0.25926	-342.14	-320.97
-0.35484	-0.23076	-300.49	-274.49
-0.35484	-0.2	-261.7	-231.05
-0.35484	-0.166666	-225.73	-190.61
-0.35484	-0.130434	-192.5	-153.1
-0.35484	-0.09091	-161.98	-118.47
-0.35484	-0.04762	-134.1	-86.668
-0.35484	0	-108.8	-57.629
-0.35484	0.052632	-86.022	-31.288
-0.35484	0.111112	-65.687	-7.5789
-0.35484	0.17647	-47.731	13.571
-0.35484	0.25	-32.076	32.235
-0.35484	0.33334	-18.645	48.495
-0.35484	0.42858	-7.3507	62.434
-0.35484	0.53846	1.8963	74.144
-0.35484	0.66666	9.1941	83.723
-0.35484	0.81818	14.648	91.274
-0.35484	1	18.372	96.914
-0.33334	-0.6	-2074.6	-2225.4
-0.33334	-0.59184	-1961.6	-2103.1
-0.33334	-0.58334	-1852.1	-1984.4
-0.33334	-0.57446	-1746.1	-1869.5
-0.33334	-0.56522	-1643.7	-1758.3
-0.33334	-0.55556	-1544.7	-1650.7
-0.33334	-0.54546	-1449.1	-1546.7
-0.33334	-0.53488	-1356.9	-1446.4
-0.33334	-0.5238	-1268.1	-1349.6
-0.33334	-0.5122	-1182.7	-1256.3
-0.33334	-0.5	-1100.6	-1166.5
-0.33334	-0.48718	-1021.7	-1080.3
-0.33334	-0.47368	-946.13	-997.41
-0.33334	-0.45946	-873.76	-917.97
-0.33334	-0.44444	-804.58	-841.9
-0.33334	-0.42858	-738.54	-769.18
-0.33334	-0.41176	-675.62	-699.75
-0.33334	-0.39394	-615.78	-633.59
-0.33334	-0.375	-558.97	-570.66
-0.33334	-0.35484	-505.17	-510.92
-0.33334	-0.33334	-454.33	-454.33
-0.33334	-0.31034	-406.4	-400.84
-0.33334	-0.28572	-361.35	-350.42
-0.33334	-0.25926	-319.13	-303.02
-0.33334	-0.23076	-279.7	-258.59
-0.33334	-0.2	-243	-217.08
-0.33334	-0.166666	-208.99	-178.45
-0.33334	-0.130434	-177.61	-142.64
-0.33334	-0.09091	-148.81	-109.6
-0.33334	-0.04762	-122.54	-79.272
-0.33334	0	-98.729	-51.597
-0.33334	0.052632	-77.321	-26.513
-0.33334	0.111112	-58.25	-3.9546
-0.33334	0.17647	-41.447	16.148
-0.33334	0.25	-26.839	33.866
-0.33334	0.33334	-14.35	49.277
-0.33334	0.42858	-3.8963	62.465
-0.33334	0.53846	4.6093	73.515
-0.33334	0.66666	11.261	82.524
-0.33334	0.81818	16.162	89.592
-0.33334	1	19.421	94.831
-0.31034	-0.6	-1963.4	-2125.2
-0.31034	-0.59184	-1855.8	-2007.9
-0.31034	-0.58334	-1751.6	-1894.3
-0.31034	-0.57446	-1650.8	-1784.2
-0.31034	-0.56522	-1553.3	-1677.6
-0.31034	-0.55556	-1459.1	-1574.6
-0.31034	-0.54546	-1368.2	-1475
-0.31034	-0.53488	-1280.6	-1378.9
-0.31034	-0.5238	-1196.2	-1286.2
-0.31034	-0.5122	-1115	-1196.9
-0.31034	-0.5	-1037	-1111
-0.31034	-0.48718	-962.09	-1028.4
-0.31034	-0.47368	-890.31	-949.11
-0.31034	-0.45946	-821.61	-873.1
-0.31034	-0.44444	-755.96	-800.33
-0.31034	-0.42858	-693.32	-730.77
-0.31034	-0.41176	-633.66	-664.37
-0.31034	-0.39394	-576.94	-601.12
-0.31034	-0.375	-523.12	-540.96
-0.31034	-0.35484	-472.17	-483.87
-0.31034	-0.33334	-424.05	-429.8
-0.31034	-0.31034	-378.71	-378.71
-0.31034	-0.28572	-336.12	-330.56
-0.31034	-0.25926	-296.24	-285.31
-0.31034	-0.23076	-259.01	-242.92
-0.31034	-0.2	-224.39	-203.33
-0.31034	-0.166666	-192.34	-166.49
-0.31034	-0.130434	-162.79	-132.37
-0.31034	-0.09091	-135.71	-100.9
-0.31034	-0.04762	-111.04	-72.032
-0.31034	0	-88.71	-45.707
-0.31034	0.052632	-68.672	-21.866
-0.31034	0.111112	-50.859	-0.44479
-0.31034	0.17647	-35.205	18.622
-0.31034	0.25	-21.639	35.406
-0.31034	0.33334	-10.087	49.981
-0.31034	0.42858	-0.47	62.426
-0.31034	0.53846	7.298	72.827
-0.31034	0.66666	13.308	81.274
-0.31034	0.81818	17.658	87.867
-0.31034	1	20.455	92.713
-0.28572	-0.6	-1852.5	-2025.8
-0.28572	-0.59184	-1750.4	-1913.7
-0.28572	-0.58334	-1651.4	-1804.9
-0.28572	-0.57446	-1555.7	-1699.6
-0.28572	-0.56522	-1463.2	-1597.7
-0.28572	-0.55556	-1373.8	-1499.2
-0.28572	-0.54546	-1287.6	-1404
-0.28572	-0.53488	-1204.5	-1312.1
-0.28572	-0.5238	-1124.5	-1223.5
-0.28572	-0.5122	-1047.5	-1138.1
-0.28572	-0.5	-973.59	-1056
-0.28572	-0.48718	-902.65	-977.08
-0.28572	-0.47368	-834.68	-901.34
-0.28572	-0.45946	-769.65	-828.73
-0.28572	-0.44444	-707.52	-759.23
-0.28572	-0.42858	-648.26	-692.8
-0.28572	-0.41176	-591.85	-629.42
-0.28572	-0.39394	-538.24	-569.04
-0.28572	-0.375	-487.4	-511.64
-0.28572	-0.35484	-439.3	-457.17
-0.28572	-0.33334	-393.89	-405.6
-0.28572	-0.31034	-351.13	-356.89
-0.28572	-0.28572	-311	-311
-0.28572	-0.25926	-273.44	-267.88
-0.28572	-0.23076	-238.41	-227.5
-0.28572	-0.2	-205.86	-189.8
-0.28572	-0.166666	-175.76	-154.75
-0.28572	-0.130434	-148.05	-122.29
-0.28572	-0.09091	-122.68	-92.378
-0.28572	-0.04762	-99.595	-64.953
-0.28572	0	-78.746	-39.963
-0.28572	0.052632	-60.072	-17.35
-0.28572	0.111112	-43.512	2.9465
-0.28572	0.17647	-29.002	20.991
-0.28572	0.25	-16.473	36.852
-0.28572	0.33334	-5.855	50.602
-0.28572	0.42858	2.9301	62.316
-0.28572	0.53846	9.9641	72.077
-0.28572	0.66666	15.335	79.972
-0.28572	0.81818	19.138	86.098
-0.28572	1	21.477	90.558
-0.25926	-0.6	-1742	-1927.4
-0.25926	-0.59184	-1645.2	-1820.3
-0.25926	-0.58334	-1551.5	-1716.5
-0.25926	-0.57446	-1460.9	-1615.9
-0.25926	-0.56522	-1373.4	-1518.6
-0.25926	-0.55556	-1288.8	-1424.5
-0.25926	-0.54546	-1207.3	-1333.7
-0.25926	-0.53488	-1128.7	-1246
-0.25926	-0.5238	-1053	-1161.4
-0.25926	-0.5122	-980.26	-1080
-0.25926	-0.5	-910.4	-1001.6
-0.25926	-0.48718	-843.4	-926.35
-0.25926	-0.47368	-779.22	-854.11
-0.25926	-0.45946	-717.84	-784.88
-0.25926	-0.44444	-659.23	-718.62
-0.25926	-0.42858	-603.36	-655.3
-0.25926	-0.41176	-550.18	-594.9
-0.25926	-0.39394	-499.68	-537.38
-0.25926	-0.375	-451.81	-482.71
-0.25926	-0.35484	-406.54	-430.84
-0.25926	-0.33334	-363.83	-381.74
-0.25926	-0.31034	-323.66	-335.39
-0.25926	-0.28572	-285.97	-291.73
-0.25926	-0.25926	-250.72	-250.72
-0.25926	-0.23076	-217.88	-212.33
-0.25926	-0.2	-187.41	-176.52
-0.25926	-0.166666	-159.25	-143.23
-0.25926	-0.130434	-133.36	-112.42
-0.25926	-0.09091	-109.7	-84.039
-0.25926	-0.04762	-88.205	-58.041
-0.25926	0	-68.829	-34.371
-0.25926	0.052632	-51.515	-12.972
-0.25926	0.111112	-36.203	6.215
-0.25926	0.17647	-22.833	23.251
-0.25926	0.25	-11.338	38.202
-0.25926	0.33334	-1.6498	51.137
-0.25926	0.42858	6.3065	62.131
-0.25926	0.53846	12.61	71.262
-0.25926	0.66666	17.345	78.616
-0.25926	0.81818	20.603	84.283
-0.25926	1	22.486	88.365
-0.23076	-0.6	-1631.7	-1830
-0.23076	-0.59184	-1540.3	-1727.9
-0.23076	-0.58334	-1451.9	-1628.9
-0.23076	-0.57446	-1366.4	-1533.1
-0.23076	-0.56522	-1283.7	-1440.4
-0.23076	-0.55556	-1204	-1350.7
-0.23076	-0.54546	-1127.1	-1264.1
-0.23076	-0.53488	-1053	-1180.6
-0.23076	-0.5238	-981.7	-1100
-0.23076	-0.5122	-913.17	-1022.5
-0.23076	-0.5	-847.38	-947.88
-0.23076	-0.48718	-784.31	-876.21
-0.23076	-0.47368	-723.92	-807.45
-0.23076	-0.45946	-666.19	-741.56
-0.23076	-0.44444	-611.08	-678.52
-0.23076	-0.42858	-558.57	-618.29
-0.23076	-0.41176	-508.63	-560.84
-0.23076	-0.39394	-461.23	-506.15
-0.23076	-0.375	-416.32	-454.17
-0.23076	-0.35484	-373.88	-404.88
-0.23076	-0.33334	-333.88	-358.24
-0.23076	-0.31034	-296.27	-314.21
-0.23076	-0.28572	-261.02	-272.76
-0.23076	-0.25926	-228.09	-233.85
-0.23076	-0.23076	-197.44	-197.44
-0.23076	-0.2	-169.02	-163.48
-0.23076	-0.166666	-142.81	-131.93
-0.23076	-0.130434	-118.74	-102.75
-0.23076	-0.09091	-96.773	-75.89
-0.23076	-0.04762	-76.862	-51.303
-0.23076	0	-58.955	-28.935
-0.23076	0.052632	-42.996	-8.7347
-0.23076	0.111112	-28.929	9.3563
-0.23076	0.17647	-16.695	25.397
-0.23076	0.25	-6.2302	39.451
-0.23076	0.33334	2.5318	51.585
-0.23076	0.42858	9.6623	61.869
-0.23076	0.53846	15.238	70.381
-0.23076	0.66666	19.339	77.202
-0.23076	0.81818	22.056	82.421
-0.23076	1	23.484	86.133
-0.2	-0.6	-1521.6	-1733.7
-0.2	-0.59184	-1435.6	-1636.5
-0.2	-0.58334	-1352.4	-1542.3
-0.2	-0.57446	-1272	-1451.2
-0.2	-0.56522	-1194.3	-1363
-0.2	-0.55556	-1119.3	-1277.7
-0.2	-0.54546	-1047.1	-1195.4
-0.2	-0.53488	-977.49	-1115.9
-0.2	-0.5238	-910.55	-1039.4
-0.2	-0.5122	-846.22	-965.67
-0.2	-0.5	-784.5	-894.79
-0.2	-0.48718	-725.35	-826.7
-0.2	-0.47368	-668.74	-761.38
-0.2	-0.45946	-614.65	-698.8
-0.2	-0.44444	-563.04	-638.94
-0.2	-0.42858	-513.9	-581.77
-0.2	-0.41176	-467.19	-527.25
-0.2	-0.39394	-422.87	-475.36
-0.2	-0.375	-380.92	-426.06
-0.2	-0.35484	-341.31	-379.32
-0.2	-0.33334	-304	-335.1
-0.2	-0.31034	-268.95	-293.38
-0.2	-0.28572	-236.14	-254.12
-0.2	-0.25926	-205.51	-217.28
-0.2	-0.23076	-177.04	-182.81
-0.2	-0.2	-150.69	-150.69
-0.2	-0.166666	-126.41	-120.87
-0.2	-0.130434	-104.16	-93.297
-0.2	-0.09091	-83.888	-67.939
-0.2	-0.04762	-65.557	-44.744
-0.2	0	-49.114	-23.663
-0.2	0.052632	-34.508	-4.6451
-0.2	0.111112	-21.682	12.365
-0.2	0.17647	-10.581	27.425
-0.2	0.25	-1.144	40.596
-0.2	0.33334	6.694	51.94
-0.2	0.42858	13.001	61.528
-0.2	0.53846	17.851	69.432
-0.2	0.66666	21.322	75.73
-0.2	0.81818	23.499	80.509
-0.2	1	24.474	83.86
-0.166666	-0.6	-1411.6	-1638.3
-0.166666	-0.59184	-1331	-1546.1
-0.166666	-0.58334	-1253.1	-1456.7
-0.166666	-0.57446	-1177.8	-1370.2
-0.166666	-0.56522	-1105	-1286.5
-0.166666	-0.55556	-1034.8	-1205.6
-0.166666	-0.54546	-967.2	-1127.4
-0.166666	-0.53488	-902.1	-1052.1
-0.166666	-0.5238	-839.5	-979.48
-0.166666	-0.5122	-779.38	-909.58
-0.166666	-0.5	-721.72	-842.37
-0.166666	-0.48718	-666.48	-777.83
-0.166666	-0.47368	-613.65	-715.92
-0.166666	-0.45946	-563.19	-656.63
-0.166666	-0.44444	-515.08	-599.92
-0.166666	-0.42858	-469.3	-545.77
-0.166666	-0.41176	-425.81	-494.15
-0.166666	-0.39394	-384.58	-445.03
-0.166666	-0.375	-345.59	-398.37
-0.166666	-0.35484	-308.8	-354.16
-0.166666	-0.33334	-274.17	-312.35
-0.166666	-0.31034	-241.69	-272.91
-0.166666	-0.28572	-211.3	-235.81
-0.166666	-0.25926	-182.98	-201.01
-0.166666	-0.23076	-156.69	-168.48
-0.166666	-0.2	-132.39	-138.17
-0.166666	-0.166666	-110.05	-110.05
-0.166666	-0.130434	-89.607	-84.069
-0.166666	-0.09091	-71.033	-60.193
-0.166666	-0.04762	-54.279	-38.372
-0.166666	0	-39.299	-18.561
-0.166666	0.052632	-26.042	-0.70864
-0.166666	0.111112	-14.456	15.237
-0.166666	0.17647	-4.4858	29.331
-0.166666	0.25	3.9263	41.631
-0.166666	0.33334	10.842	52.2
-0.166666	0.42858	16.328	61.103
-0.166666	0.53846	20.454	68.41
-0.166666	0.66666	23.295	74.197
-0.166666	0.81818	24.934	78.546
-0.166666	1	25.458	81.544
-0.130434	-0.6	-1301.8	-1544.1
-0.130434	-0.59184	-1226.6	-1456.7
-0.130434	-0.58334	-1153.9	-1372.1
-0.130434	-0.57446	-1083.6	-1290.1
-0.130434	-0.56522	-1015.8	-1210.9
-0.130434	-0.55556	-950.37	-1134.3
-0.130434	-0.54546	-887.38	-1060.4
-0.130434	-0.53488	-826.77	-989.06
-0.130434	-0.5238	-768.51	-920.36
-0.130434	-0.5122	-712.59	-854.23
-0.130434	-0.5	-658.98	-790.66
-0.130434	-0.48718	-607.66	-729.63
-0.130434	-0.47368	-558.6	-671.1
-0.130434	-0.45946	-511.78	-615.06
-0.130434	-0.44444	-467.17	-561.47
-0.130434	-0.42858	-424.74	-510.31
-0.130434	-0.41176	-384.47	-461.56
-0.130434	-0.39394	-346.33	-415.18
-0.130434	-0.375	-310.29	-371.15
-0.130434	-0.35484	-276.31	-329.43
-0.130434	-0.33334	-244.38	-289.99
-0.130434	-0.31034	-214.45	-252.81
-0.130434	-0.28572	-186.49	-217.85
-0.130434	-0.25926	-160.48	-185.07
-0.130434	-0.23076	-136.37	-154.44
-0.130434	-0.2	-114.12	-125.92
-0.130434	-0.166666	-93.703	-99.482
-0.130434	-0.130434	-75.075	-75.075
-0.130434	-0.09091	-58.193	-52.66
-0.130434	-0.04762	-43.016	-32.196
-0.130434	0	-29.496	-13.635
-0.130434	0.052632	-17.588	3.0683
-0.130434	0.111112	-7.2396	17.965
-0.130434	0.17647	1.6004	31.109
-0.130434	0.25	8.9885	42.554
-0.130434	0.33334	14.984	52.361
-0.130434	0.42858	19.649	60.592
-0.130434	0.53846	23.052	67.314
-0.130434	0.66666	25.264	72.6
-0.130434	0.81818	26.365	76.529
-0.130434	1	26.438	79.185
-0.09091	-0.6	-1191.9	-1451.1
-0.09091	-0.59184	-1122.1	-1368.5
-0.09091	-0.58334	-1054.6	-1288.5
-0.09091	-0.57446	-989.41	-1211.1
-0.09091	-0.56522	-926.52	-1136.3
-0.09091	-0.55556	-865.91	-1064
-0.09091	-0.54546	-807.55	-994.19
-0.09091	-0.53488	-751.43	-926.89
-0.09091	-0.5238	-697.52	-862.05
-0.09091	-0.5122	-645.8	-799.66
-0.09091	-0.5	-596.24	-739.69
-0.09091	-0.48718	-548.84	-682.13
-0.09091	-0.47368	-503.55	-626.95
-0.09091	-0.45946	-460.36	-574.12
-0.09091	-0.44444	-419.24	-523.62
-0.09091	-0.42858	-380.17	-475.42
-0.09091	-0.41176	-343.13	-429.5
-0.09091	-0.39394	-308.07	-385.84
-0.09091	-0.375	-274.98	-344.39
-0.09091	-0.35484	-243.82	-305.14
-0.09091	-0.33334	-214.58	-268.05
-0.09091	-0.31034	-187.21	-233.1
-0.09091	-0.28572	-161.68	-200.24
-0.09091	-0.25926	-137.97	-169.46
-0.09091	-0.23076	-116.03	-140.71
-0.09091	-0.2	-95.843	-113.97
-0.09091	-0.166666	-77.357	-89.183
-0.09091	-0.130434	-60.54	-66.324
-0.09091	-0.09091	-45.351	-45.351
-0.09091	-0.04762	-31.75	-26.223
-0.09091	0	-19.692	-8.8944
-0.09091	0.052632	-9.1318	6.6786
-0.09091	0.111112	-0.022044	20.544
-0.09091	0.17647	7.688	32.753
-0.09091	0.25	14.052	43.359
-0.09091	0.33334	19.126	52.418
-0.09091	0.42858	22.97	59.99
-0.09091	0.53846	25.65	66.14
-0.09091	0.66666	27.234	70.937
-0.09091	0.81818	27.796	74.456
-0.09091	1	27.419	76.779
-0.04762	-0.6	-1081.9	-1359.2
-0.04762	-0.59184	-1017.5	-1281.4
-0.04762	-0.58334	-955.23	-1206.1
-0.04762	-0.57446	-895.13	-1133.2
-0.04762	-0.56522	-837.17	-1062.7
-0.04762	-0.55556	-781.35	-994.65
-0.04762	-0.54546	-727.63	-928.95
-0.04762	-0.53488	-676	-865.6
-0.04762	-0.5238	-626.43	-804.59
-0.04762	-0.5122	-578.92	-745.9
-0.04762	-0.5	-533.42	-689.5
-0.04762	-0.48718	-489.94	-635.37
-0.04762	-0.47368	-448.43	-583.49
-0.04762	-0.45946	-408.87	-533.84
-0.04762	-0.44444	-371.26	-486.39
-0.04762	-0.42858	-335.55	-441.12
-0.04762	-0.41176	-301.72	-398.01
-0.04762	-0.39394	-269.76	-357.02
-0.04762	-0.375	-239.62	-318.13
-0.04762	-0.35484	-211.29	-281.31
-0.04762	-0.33334	-184.73	-246.54
-0.04762	-0.31034	-159.92	-213.79
-0.04762	-0.28572	-136.83	-183.02
-0.04762	-0.25926	-115.42	-154.21
-0.04762	-0.23076	-95.67	-127.31
-0.04762	-0.2	-77.534	-102.31
-0.04762	-0.166666	-60.983	-79.162
-0.04762	-0.130434	-45.979	-57.829
-0.04762	-0.09091	-32.485	-38.276
-0.04762	-0.04762	-20.462	-20.462
-0.04762	0	-9.8673	-4.3461
-0.04762	0.052632	-0.65793	10.115
-0.04762	0.111112	7.2118	22.967
-0.04762	0.17647	13.79	34.259
-0.04762	0.25	19.128	44.04
-0.04762	0.33334	23.279	52.366
-0.04762	0.42858	26.302	59.294
-0.04762	0.53846	28.257	64.884
-0.04762	0.66666	29.21	69.205
-0.04762	0.81818	29.234	72.326
-0.04762	1	28.405	74.325
0	-0.6	-971.69	-1268.6
0	-0.59184	-912.63	-1195.6
0	-0.58334	-855.61	-1124.8
0	-0.57446	-800.6	-1056.4
0	-0.56522	-747.59	-990.23
0	-0.55556	-696.56	-926.33
0	-0.54546	-647.5	-864.68
0	-0.53488	-600.37	-805.25
0	-0.5238	-555.16	-748.02
0	-0.5122	-511.86	-692.98
0	-0.5	-470.43	-640.11
0	-0.48718	-430.87	-589.37
0	-0.47368	-393.15	-540.76
0	-0.45946	-357.24	-494.25
0	-0.44444	-323.13	-449.82
0	-0.42858	-290.79	-407.44
0	-0.41176	-260.2	-367.09
0	-0.39394	-231.33	-328.75
0	-0.375	-204.15	-292.38
0	-0.35484	-178.65	-257.97
0	-0.33334	-154.79	-225.49
0	-0.31034	-132.55	-194.91
0	-0.28572	-111.9	-166.19
0	-0.25926	-92.801	-139.32
0	-0.23076	-75.232	-114.26
0	-0.2	-59.159	-90.972
0	-0.166666	-44.546	-69.432
0	-0.130434	-31.362	-49.601
0	-0.09091	-19.568	-31.445
0	-0.04762	-9.1269	-14.924
0	0	0	0
0	0.052632	7.8545	13.369
0	0.111112	14.48	25.226
0	0.17647	19.923	35.618
0	0.25	24.231	44.592
0	0.33334	27.457	52.201
0	0.42858	29.654	58.498
0	0.53846	30.881	63.544
0	0.66666	31.202	67.399
0	0.81818	30.685	70.134
0	1	29.402	71.82
0.052632	-0.6	-860.99	-1179.3
0.052632	-0.59184	-807.34	-1111
0.052632	-0.58334	-755.58	-1044.8
0.052632	-0.57446	-705.69	-980.74
0.052632	-0.56522	-657.64	-918.85
0.052632	-0.55556	-611.42	-859.09
0.052632	-0.54546	-567.02	-801.43
0.052632	-0.53488	-524.41	-745.88
0.052632	-0.5238	-483.57	-692.39
0.052632	-0.5122	-444.5	-640.96
0.052632	-0.5	-407.16	-591.57
0.052632	-0.48718	-371.54	-544.19
0.052632	-0.47368	-337.61	-498.8
0.052632	-0.45946	-305.37	-455.39
0.052632	-0.44444	-274.77	-413.93
0.052632	-0.42858	-245.81	-374.41
0.052632	-0.41176	-218.46	-336.79
0.052632	-0.39394	-192.7	-301.05
0.052632	-0.375	-168.5	-267.18
0.052632	-0.35484	-145.84	-235.14
0.052632	-0.33334	-124.69	-204.91
0.052632	-0.31034	-105.03	-176.47
0.052632	-0.28572	-86.822	-149.78
0.052632	-0.25926	-70.048	-124.82
0.052632	-0.23076	-54.674	-101.56
0.052632	-0.2	-40.672	-79.964
0.052632	-0.166666	-28.008	-60.007
0.052632	-0.130434	-16.65	-41.654
0.052632	-0.09091	-6.5635	-24.87
0.052632	-0.04762	2.2867	-9.6202
0.052632	0	9.9386	4.134
0.052632	0.052632	16.431	16.431
0.052632	0.111112	21.806	27.313
0.052632	0.17647	26.107	36.824
0.052632	0.25	29.38	45.008
0.052632	0.33334	31.674	51.916
0.052632	0.42858	33.041	57.599
0.052632	0.53846	33.536	62.113
0.052632	0.66666	33.22	65.518
0.052632	0.81818	32.157	67.877
0.052632	1	30.417	69.263
0.111112	-0.6	-749.61	-1091.5
0.111112	-0.59184	-701.41	-1027.7
0.111112	-0.58334	-654.94	-966.01
0.111112	-0.57446	-610.18	-906.32
0.111112	-0.56522	-567.12	-848.65
0.111112	-0.55556	-525.74	-792.97
0.111112	-0.54546	-486.02	-739.27
0.111112	-0.53488	-447.95	-687.54
0.111112	-0.5238	-411.51	-637.74
0.111112	-0.5122	-376.69	-589.88
0.111112	-0.5	-343.45	-543.92
0.111112	-0.48718	-311.79	-499.85
0.111112	-0.47368	-281.69	-457.65
0.111112	-0.45946	-253.12	-417.3
0.111112	-0.44444	-226.07	-378.77
0.111112	-0.42858	-200.51	-342.06
0.111112	-0.41176	-176.42	-307.13
0.111112	-0.39394	-153.79	-273.97
0.111112	-0.375	-132.58	-242.55
0.111112	-0.35484	-112.77	-212.85
0.111112	-0.33334	-94.348	-184.84
0.111112	-0.31034	-77.278	-158.5
0.111112	-0.28572	-61.538	-133.81
0.111112	-0.25926	-47.099	-110.73
0.111112	-0.23076	-33.935	-89.236
0.111112	-0.2	-22.017	-69.305
0.111112	-0.166666	-11.314	-50.904
0.111112	-0.130434	-1.7958	-34.002
0.111112	-0.09091	6.5704	-18.566
0.111112	-0.04762	13.819	-4.5625
0.111112	0	19.985	8.0446
0.111112	0.052632	25.105	19.292
0.111112	0.111112	29.22	29.22
0.111112	0.17647	32.37	37.868
0.111112	0.25	34.598	45.281
0.111112	0.33334	35.952	51.506
0.111112	0.42858	36.481	56.59
0.111112	0.53846	36.237	60.588
0.111112	0.66666	35.277	63.555
0.111112	0.81818	33.662	65.554
0.111112	1	31.458	66.649
0.17647	-0.6	-637.28	-1005.1
0.17647	-0.59184	-594.56	-945.88
0.17647	-0.58334	-553.41	-888.6
0.17647	-0.57446	-513.82	-833.21
0.17647	-0.56522	-475.78	-779.7
0.17647	-0.55556	-439.27	-728.05
0.17647	-0.54546	-404.28	-678.25
0.17647	-0.53488	-370.79	-630.29
0.17647	-0.5238	-338.78	-584.14
0.17647	-0.5122	-308.23	-539.78
0.17647	-0.5	-279.13	-497.21
0.17647	-0.48718	-251.47	-456.41
0.17647	-0.47368	-225.21	-417.34
0.17647	-0.45946	-200.35	-380.01
0.17647	-0.44444	-176.87	-344.38
0.17647	-0.42858	-154.73	-310.43
0.17647	-0.41176	-133.94	-278.16
0.17647	-0.39394	-114.45	-247.53
0.17647	-0.375	-96.259	-218.52
0.17647	-0.35484	-79.336	-191.12
0.17647	-0.33334	-63.66	-165.3
0.17647	-0.31034	-49.207	-141.03
0.17647	-0.28572	-35.952	-118.29
0.17647	-0.25926	-23.871	-97.063
0.17647	-0.23076	-12.937	-77.313
0.17647	-0.2	-3.1225	-59.015
0.17647	-0.166666	5.6002	-42.141
0.17647	-0.130434	13.261	-26.662
0.17647	-0.09091	19.89	-12.548
0.17647	-0.04762	25.52	0.23519
0.17647	0	30.184	11.719
0.17647	0.052632	33.917	21.94
0.17647	0.111112	36.757	30.935
0.17647	0.17647	38.742	38.742
0.17647	0.25	39.914	45.404
0.17647	0.33334	40.317	50.963
0.17647	0.42858	39.996	55.466
0.17647	0.53846	39.002	58.963
0.17647	0.66666	37.388	61.508
0.17647	0.81818	35.213	63.159
0.17647	1	32.538	63.977
0.25	-0.6	-523.63	-920.24
0.25	-0.59184	-486.43	-865.54
0.25	-0.58334	-450.66	-812.63
0.25	-0.57446	-416.29	-761.47
0.25	-0.56522	-383.33	-712.07
0.25	-0.55556	-351.74	-664.39
0.25	-0.54546	-321.51	-618.44
0.25	-0.53488	-292.64	-574.19
0.25	-0.5238	-265.1	-531.63
0.25	-0.5122	-238.88	-490.74
0.25	-0.5	-213.96	-451.51
0.25	-0.48718	-190.33	-413.91
0.25	-0.47368	-167.97	-377.94
0.25	-0.45946	-146.86	-343.57
0.25	-0.44444	-126.97	-310.79
0.25	-0.42858	-108.31	-279.57
0.25	-0.41176	-90.836	-249.9
0.25	-0.39394	-74.539	-221.77
0.25	-0.375	-59.397	-195.14
0.25	-0.35484	-45.389	-169.99
0.25	-0.33334	-32.494	-146.32
0.25	-0.31034	-20.688	-124.08
0.25	-0.28572	-9.9503	-103.27
0.25	-0.25926	-0.2555	-83.855
0.25	-0.23076	8.4206	-65.811
0.25	-0.2	16.104	-49.114
0.25	-0.166666	22.82	-33.737
0.25	-0.130434	28.598	-19.652
0.25	-0.09091	33.467	-6.8308
0.25	-0.04762	37.455	4.7576
0.25	0	40.596	15.145
0.25	0.052632	42.921	24.363
0.25	0.111112	44.467	32.448
0.25	0.17647	45.269	39.436
0.25	0.25	45.366	45.366
0.25	0.33334	44.8	50.279
0.25	0.42858	43.615	54.219
0.25	0.53846	41.857	57.233
0.25	0.66666	39.576	59.372
0.25	0.81818	36.828	60.688
0.25	1	33.671	61.242
0.33334	-0.6	-408.16	-837.06
0.33334	-0.59184	-376.57	-786.8
0.33334	-0.58334	-346.24	-738.19
0.33334	-0.57446	-317.17	-691.2
0.33334	-0.56522	-289.34	-645.84
0.33334	-0.55556	-262.74	-602.08
0.33334	-0.54546	-237.35	-559.91
0.33334	-0.53488	-213.16	-519.32
0.33334	-0.5238	-190.15	-480.29
0.33334	-0.5122	-168.32	-442.81
0.33334	-0.5	-147.64	-406.86
0.33334	-0.48718	-128.1	-372.43
0.33334	-0.47368	-109.68	-339.49
0.33334	-0.45946	-92.369	-308.04
0.33334	-0.44444	-76.147	-278.06
0.33334	-0.42858	-60.997	-249.52
0.33334	-0.41176	-46.9	-222.42
0.33334	-0.39394	-33.84	-196.73
0.33334	-0.375	-21.795	-172.43
0.33334	-0.35484	-10.748	-149.5
0.33334	-0.33334	-0.6771	-127.93
0.33334	-0.31034	8.4378	-107.69
0.33334	-0.28572	16.618	-88.768
0.33334	-0.25926	23.887	-71.13
0.33334	-0.23076	30.267	-54.758
0.33334	-0.2	35.782	-39.628
0.33334	-0.166666	40.457	-25.715
0.33334	-0.130434	44.318	-12.993
0.33334	-0.09091	47.393	-1.4351
0.33334	-0.04762	49.709	8.9876
0.33334	0	51.296	18.304
0.33334	0.052632	52.186	26.546
0.33334	0.111112	52.41	33.746
0.33334	0.17647	52.004	39.938
0.33334	0.25	51.003	45.159
0.33334	0.33334	49.447	49.447
0.33334	0.42858	47.376	52.843
0.33334	0.53846	44.834	55.391
0.33334	0.66666	41.869	57.139
0.33334	0.81818	38.531	58.137
0.33334	1	34.876	58.441
0.42858	-0.6	-290.26	-755.65
0.42858	-0.59184	-264.36	-709.75
0.42858	-0.58334	-239.57	-665.37
0.42858	-0.57446	-215.89	-622.5
0.42858	-0.56522	-193.29	-581.11
0.42858	-0.55556	-171.76	-541.2
0.42858	-0.54546	-151.29	-502.76
0.42858	-0.53488	-131.87	-465.76
0.42858	-0.5238	-113.48	-430.21
0.42858	-0.5122	-96.115	-396.07
0.42858	-0.5	-79.753	-363.35
0.42858	-0.48718	-64.381	-332.02
0.42858	-0.47368	-49.984	-302.07
0.42858	-0.45946	-36.548	-273.48
0.42858	-0.44444	-24.055	-246.25
0.42858	-0.42858	-12.491	-220.34
0.42858	-0.41176	-1.8371	-195.75
0.42858	-0.39394	7.9225	-172.46
0.42858	-0.375	16.806	-150.44
0.42858	-0.35484	24.831	-129.69
0.42858	-0.33334	32.018	-110.18
0.42858	-0.31034	38.385	-91.9
0.42858	-0.28572	43.952	-74.819
0.42858	-0.25926	48.741	-58.921
0.42858	-0.23076	52.773	-44.183
0.42858	-0.2	56.07	-30.585
0.42858	-0.166666	58.656	-18.101
0.42858	-0.130434	60.555	-6.7087
0.42858	-0.09091	61.792	3.6181
0.42858	-0.04762	62.394	12.906
0.42858	0	62.388	21.181
0.42858	0.052632	61.803	28.474
0.42858	0.111112	60.67	34.815
0.42858	0.17647	59.021	40.236
0.42858	0.25	56.89	44.771
0.42858	0.33334	54.313	48.455
0.42858	0.42858	51.328	51.328
0.42858	0.53846	47.976	53.43
0.42858	0.66666	44.301	54.805
0.42858	0.81818	40.352	55.501
0.42858	1	36.178	55.57
0.53846	-0.6	-169.07	-676.13
0.53846	-0.59184	-149	-634.53
0.53846	-0.58334	-129.88	-594.31
0.53846	-0.57446	-111.7	-555.46
0.53846	-0.56522	-94.454	-517.98
0.53846	-0.55556	-78.12	-481.86
0.53846	-0.54546	-62.691	-447.07
0.53846	-0.53488	-48.154	-413.6
0.53846	-0.5238	-34.495	-381.46
0.53846	-0.5122	-21.704	-350.61
0.53846	-0.5	-9.7646	-321.05
0.53846	-0.48718	1.335	-292.76
0.53846	-0.47368	11.609	-265.74
0.53846	-0.45946	21.072	-239.96
0.53846	-0.44444	29.739	-215.42
0.53846	-0.42858	37.625	-192.09
0.53846	-0.41176	44.745	-169.96
0.53846	-0.39394	51.115	-149.01
0.53846	-0.375	56.752	-129.24
0.53846	-0.35484	61.673	-110.61
0.53846	-0.33334	65.895	-93.119
0.53846	-0.31034	69.436	-76.744
0.53846	-0.28572	72.315	-61.465
0.53846	-0.25926	74.552	-47.264
0.53846	-0.23076	76.166	-34.121
0.53846	-0.2	77.179	-22.015
0.53846	-0.166666	77.611	-10.924
0.53846	-0.130434	77.486	-0.82495
0.53846	-0.09091	76.826	8.3045
0.53846	-0.04762	75.657	16.489
0.53846	0	74.004	23.755
0.53846	0.052632	71.894	30.129
0.53846	0.111112	69.356	35.639
0.53846	0.17647	66.418	40.315
0.53846	0.25	63.113	44.188
0.53846	0.33334	59.474	47.293
0.53846	0.42858	55.537	49.664
0.53846	0.53846	51.34	51.34
0.53846	0.66666	46.923	52.361
0.53846	0.81818	42.331	52.773
0.53846	1	37.612	52.622
0.66666	-0.6	-43.448	-598.66
0.66666	-0.59184	-29.382	-561.26
0.66666	-0.58334	-16.104	-525.12
0.66666	-0.57446	-3.6037	-490.24
0.66666	-0.56522	8.13	-456.59
0.66666	-0.55556	19.108	-424.16
0.66666	-0.54546	29.341	-392.96
0.66666	-0.53488	38.841	-362.95
0.66666	-0.5238	47.62	-334.14
0.66666	-0.5122	55.689	-306.52
0.66666	-0.5	63.061	-280.06
0.66666	-0.48718	69.748	-254.75
0.66666	-0.47368	75.763	-230.59
0.66666	-0.45946	81.12	-207.56
0.66666	-0.44444	85.832	-185.65
0.66666	-0.42858	89.912	-164.83
0.66666	-0.41176	93.377	-145.11
0.66666	-0.39394	96.239	-126.46
0.66666	-0.375	98.514	-108.86
0.66666	-0.35484	100.22	-92.314
0.66666	-0.33334	101.37	-76.789
0.66666	-0.31034	101.98	-62.274
0.66666	-0.28572	102.07	-48.751
0.66666	-0.25926	101.66	-36.203
0.66666	-0.23076	100.76	-24.611
0.66666	-0.2	99.396	-13.955
0.66666	-0.166666	97.588	-4.2162
0.66666	-0.130434	95.355	4.6268
0.66666	-0.09091	92.719	12.596
0.66666	-0.04762	89.703	19.713
0.66666	0	86.33	26.002
0.66666	0.052632	82.626	31.488
0.66666	0.111112	78.616	36.197
0.66666	0.17647	74.327	40.157
0.66666	0.25	69.79	43.397
0.66666	0.33334	65.035	45.947
0.66666	0.42858	60.094	47.84
0.66666	0.53846	55.003	49.112
0.66666	0.66666	49.8	49.8
0.66666	0.81818	44.526	49.946
0.66666	1	39.224	49.593
0.81818	-0.6	88.201	-523.39
0.81818	-0.59184	96.025	-490.12
0.81818	-0.58334	103.23	-457.98
0.81818	-0.57446	109.82	-426.96
0.81818	-0.56522	115.82	-397.06
0.81818	-0.55556	121.22	-368.26
0.81818	-0.54546	126.04	-340.56
0.81818	-0.53488	130.29	-313.94
0.81818	-0.5238	133.99	-288.39
0.81818	-0.5122	137.13	-263.91
0.81818	-0.5	139.74	-240.48
0.81818	-0.48718	141.83	-218.08
0.81818	-0.47368	143.4	-196.72
0.81818	-0.45946	144.47	-176.37
0.81818	-0.44444	145.05	-157.02
0.81818	-0.42858	145.15	-138.66
0.81818	-0.41176	144.8	-121.28
0.81818	-0.39394	143.99	-104.87
0.81818	-0.375	142.74	-89.399
0.81818	-0.35484	141.08	-74.867
0.81818	-0.33334	139.01	-61.255
0.81818	-0.31034	136.55	-48.549
0.81818	-0.28572	133.71	-36.731
0.81818	-0.25926	130.52	-25.787
0.81818	-0.23076	126.98	-15.699
0.81818	-0.2	123.12	-6.4486
0.81818	-0.166666	118.95	1.9815
0.81818	-0.130434	114.5	9.6105
0.81818	-0.09091	109.78	16.459
0.81818	-0.04762	104.81	22.546
0.81818	0	99.621	27.895
0.81818	0.052632	94.228	32.528
0.81818	0.111112	88.657	36.469
0.81818	0.17647	82.934	39.744
0.81818	0.25	77.084	42.379
0.81818	0.33334	71.138	44.401
0.81818	0.42858	65.124	45.843
0.81818	0.53846	59.075	46.735
0.81818	0.66666	53.025	47.112
0.81818	0.81818	47.012	47.012
0.81818	1	41.076	46.475
1	-0.6	228.15	-450.54
1	-0.59184	229.4	-421.29
1	-0.58334	230.21	-393.06
1	-0.57446	230.58	-365.82
1	-0.56522	230.53	-339.58
1	-0.55556	230.05	-314.32
1	-0.54546	229.17	-290.03
1	-0.53488	227.88	-266.71
1	-0.5238	226.21	-244.35
1	-0.5122	224.16	-222.93
1	-0.5	221.74	-202.44
1	-0.48718	218.96	-182.89
1	-0.47368	215.83	-164.24
1	-0.45946	212.36	-146.5
1	-0.44444	208.57	-129.65
1	-0.42858	204.46	-113.68
1	-0.41176	200.05	-98.573
1	-0.39394	195.35	-84.326
1	-0.375	190.37	-70.922
1	-0.35484	185.13	-58.348
1	-0.33334	179.64	-46.59
1	-0.31034	173.91	-35.635
1	-0.28572	167.96	-25.468
1	-0.25926	161.8	-16.075
1	-0.23076	155.45	-7.439
1	-0.2	148.92	0.45468
1	-0.166666	142.23	7.6231
1	-0.130434	135.4	14.084
1	-0.09091	128.44	19.854
1	-0.04762	121.38	24.954
1	0	114.24	29.402
1	0.052632	107.03	33.22
1	0.111112	99.773	36.429
1	0.17647	92.499	39.052
1	0.25	85.228	41.113
1	0.33334	77.988	42.639
1	0.42858	70.804	43.656
1	0.53846	63.707	44.194
1	0.66666	56.727	44.284
1	0.81818	49.9	43.961
1	1	43.261	43.261
